#Compound                    Mass                        parameter_A              parameter_B
C134CO                       270.278400000000            13.356489852669          6816.463550995712
BCCOOH                       254.365100000000            12.335575423393          6397.148292534742
DNMXYOLOOH                   294.172400000000            12.045639192651          6418.416770079857
DEMPHOLOOH                   246.257000000000            13.001444737298          7078.604960850639
NEBNZOLOOH                   249.174800000000            13.047261727357          6765.447128782801
NC524OOH                     213.142700000000            15.266248624725          8456.811578286577
C925OOH                      220.219700000000            14.349884586915          7698.009880121673
NDNPBZLOOH                   353.196500000000            13.402811500034          7016.359351786190
NDNPETLOOH                   353.196500000000            13.402811500034          7016.359351786190
OTNCATECO                    262.193500000000            11.936899920652          6278.649171785622
HNC524CO                     195.127500000000            12.107551062825          6308.988500052524
C152OOH                      302.363300000000            13.949317787402          7525.165686545695
C151OH                       286.363900000000            14.399891994980          8022.741954238712
C151O2                       301.355400000000            13.553936045973          7263.492050109241
C1310O                       257.302800000000            12.989354024947          7016.655485681028
PTNCATECO                    262.193500000000            11.936899920652          6278.649171785622
C1213OOH                     276.283000000000            15.820422184671          8771.661741398761
DETLMUOOH                    246.257000000000            11.685506456409          6266.004219675244
NPEBQOOH                     231.159600000000            12.596375035171          6646.526473181220
INAHPCO3H                    227.126300000000            12.937218016498          6883.775504351123
TM124QOOH                    200.188600000000            11.808066682481          6457.859863246942
IPNNCATOOH                   324.198400000000            15.423489550415          8408.916585562352
C1312OOH                     258.310800000000            13.197935724229          7201.291795120540
INANCO3H                     256.124400000000            13.094264550653          6639.898528961440
EBENZOLOOH                   204.177300000000            12.045639192651          6418.416770079857
INB1NBCO3H                   256.124400000000            13.729414651428          6992.129505465149
EMPONO2OOH                   263.201400000000            11.803805930861          6295.704148972884
TM124OLOOH                   218.203900000000            12.401188978948          6669.328996984133
MXYQOOH                      186.162000000000            11.452516914378          6206.947641551800
C1213OH                      260.283600000000            15.237789246682          8323.063638675916
C1213O2                      275.275100000000            13.692938442857          7119.034279973519
C133CO                       256.294900000000            12.777845800108          6631.572908195720
C151OOH                      302.363300000000            15.686795624812          8916.119518587315
NPETLQOOH                    245.186100000000            12.841081024939          6804.890215215289
DNOXYOLOOH                   294.172400000000            12.045639192651          6418.416770079857
PNNCATECO2                   323.190400000000            12.936556617562          6625.679522861957
NDNOETLOOH                   353.196500000000            13.402811500034          7016.359351786190
NMXYOLOOH                    249.174800000000            12.936417931878          6672.898644212696
INB1NBPAN                    301.122000000000            13.393800912055          6719.988818648488
C1213O                       259.275700000000            13.692938442857          7119.034279973519
INAOOH                       197.143300000000            12.769139636675          6690.629491843835
C1311OOH                     242.311400000000            12.787891199754          6696.096015885986
C145OOH                      304.336200000000            15.765674865170          9076.685169320683
T124NCTOOH                   279.200800000000            13.773245295662          7688.261372472524
C1310O2                      273.302200000000            12.989354024947          7016.655485681028
C812OOH                      190.193800000000            12.843565897099          6909.526053132702
C734OH                       176.167200000000            13.035670980050          7108.062997031776
INB1NACO2H                   240.125000000000            14.430747830250          7490.092611446824
PXYQOOH                      186.162000000000            11.452516914378          6206.947641551800
C118OH                       230.257600000000            12.806168675329          6604.160260807898
IPBZOLOOH                    218.203900000000            12.290345185937          6576.780513120647
C1213CO                      258.267700000000            14.539756278700          7848.651833908932
NTM124LOOH                   263.201400000000            13.402811500034          7016.359351786190
C133OH                       258.310800000000            13.517268206805          7105.984702841187
HIEB2OOH                     166.129300000000            11.910181016177          6552.865478612652
NIPBZOLOOH                   263.201400000000            13.291967700778          6923.810866136146
BCLKCOOH                     270.321500000000            11.637194815691          6177.628329668468
NPBNZOLOOH                   263.201400000000            13.402811500034          7016.359351786190
T124NNCTO                    307.191000000000            12.825712834677          6533.131041896940
T123NNCOOH                   324.198400000000            15.312645743885          8316.368097845290
NPETOLOOH                    263.201400000000            13.402811500034          7016.359351786190
TM135OLOOH                   218.203900000000            12.290345185937          6576.780513120647
OTNCATCOOH                   279.200800000000            14.459804852070          8154.434725092640
INCOOH                       197.143300000000            12.171756597889          6317.004646497197
C1213NO3                     305.281200000000            13.692938442857          7119.034279973519
C1212O                       243.276300000000            12.015749335019          6339.204224789708
OTNNCATOOH                   324.198400000000            15.534333326151          8501.465064492384
MXOHNO2OOH                   249.174800000000            12.045639192651          6418.416770079857
MTNNCATOOH                   324.198400000000            15.423489550415          8408.916585562352
C57NO3CO3H                   211.126900000000            12.734236678726          6645.099148987167
C137OH                       226.312000000000            12.236479447015          6380.850107026856
C151NO3                      331.361500000000            13.553936045973          7263.492050109241
NIPRBQOOH                    245.186100000000            12.841081024939          6804.890215215289
PNNCATECO                    307.191000000000            12.936556617562          6625.679522861957
NDNMXYLOOH                   339.170000000000            13.047261727357          6765.447128782801
C133OOH                      274.310200000000            14.113944732089          7554.582816980990
BCALOOH                      286.363900000000            13.708051323845          7448.128359995085
C527OOH                      166.129300000000            11.457433865007          6174.601155527738
NPXYOLOOH                    249.174800000000            13.047261727357          6765.447128782801
NDNEBZLOOH                   339.170000000000            13.047261727357          6765.447128782801
C719NO3                      205.165300000000            13.505459456004          6859.606133201924
C621OOH                      178.140000000000            12.792351049947          6723.961318086483
DNOETOLOOH                   308.199000000000            12.401188978948          6669.328996984133
C536OOH                      182.042600000000            11.660415206395          6413.277511925658
BCSOZOOH                     302.363300000000            13.853345134301          7226.007200228312
PNCATECO                     262.193500000000            11.936899920652          6278.649171785622
C137OOH                      242.311400000000            12.310269294805          6548.371848925014
C525OOH                      166.129300000000            12.574333772113          7107.170140188123
C137CO2H                     254.322100000000            13.336336647525          7251.716843373120
MTNNCATCO2                   323.190400000000            12.825712834677          6533.131041896940
OXNCATCOOH                   265.174200000000            14.104255034796          7903.522489373082
MXNCATCOOH                   265.174200000000            13.993411252097          7810.974008443824
PETOLOOH                     218.203900000000            12.401188978948          6669.328996984133
OTNCATECO2                   278.192900000000            11.936899920652          6278.649171785622
MTNNCATCO                    307.191000000000            12.825712834677          6533.131041896940
C134OOH                      288.293700000000            14.325408933987          7856.397634650352
C516OOH                      164.113400000000            13.095287037084          6985.746110379990
DNMETOLOOH                   308.199000000000            12.401188978948          6669.328996984133
DMEPHOLOOH                   232.230400000000            12.645894946044          6827.692732527206
INB1HPCO3H                   227.126300000000            13.530644914373          7236.006481865791
OETOLOOH                     218.203900000000            12.401188978948          6669.328996984133
C1310CO                      256.294900000000            13.979297063372          7746.273040717757
C734CO                       174.151300000000            12.670141162673          6543.166784477637
INB1OH                       181.143900000000            12.566158305002          6451.953138226250
C147OOH                      286.320900000000            13.714232027712          7645.619489508213
C131CO2H                     254.322100000000            12.238448085536          6420.794758660324
C1211OOH                     244.284200000000            12.895027613429          6934.528703111599
OXYOLOOH                     204.177300000000            12.045639192651          6418.416770079857
DETLBPROOH                   230.257600000000            12.383257516204          6452.151451048700
DNT123LOOH                   308.199000000000            11.692962124524          6203.155661296058
PXNCATCOOH                   265.174200000000            14.104255034796          7903.522489373082
IPNNCATCO2                   323.190400000000            12.825712834677          6533.131041896940
C127OOH                      228.284800000000            12.432341412363          6445.183788669690
NPXYQOOH                     231.159600000000            12.485531239981          6553.977988695449
NORLIMOOH                    204.220300000000            12.239815412897          6497.945915713650
NDNT123OOH                   353.196500000000            13.291967700778          6923.810866136146
DNT124LOOH                   308.199000000000            11.692962124524          6203.155661296058
NC524O                       196.135400000000            13.159585200520          6804.184115067525
C151O                        285.356000000000            13.553936045973          7263.492050109241
NCRESOOH                     235.148300000000            12.691711932153          6514.534899328236
NDEMPLOOH                    291.254600000000            14.003067267178          7425.635318171324
C145O2                       303.328200000000            13.628883637829          7424.057693338355
C145OH                       288.336800000000            14.371883584395          8112.152989263023
C732OOH                      176.167200000000            11.782341466930          6235.258479481409
NOXYQOOH                     231.159600000000            12.596375035171          6646.526473181220
PETLQOOH                     200.188600000000            11.808066682481          6457.859863246942
KLIMONIC                     188.177900000000            11.842627586905          6292.311531575839
C143OOH                      272.337400000000            13.553485487208          7452.204015348488
C58NO3CO2H                   195.127500000000            13.413421736844          7143.062260222054
C139OH                       242.311400000000            12.936759122301          7078.458225412683
HPNC524CO                    211.126900000000            13.608229969803          7344.675288708256
NOXYOLOOH                    249.174800000000            13.047261727357          6765.447128782801
ENCATECOOH                   265.174200000000            14.104255034796          7903.522489373082
NDNIPBLOOH                   353.196500000000            13.291967700778          6923.810866136146
LIMALOOH                     218.246900000000            12.595365180607          6748.858137296258
C813OH                       190.193800000000            12.867120414551          6802.317471115686
NDNT124OOH                   353.196500000000            13.291967700778          6923.810866136146
C128OH                       228.284800000000            12.245709447558          6501.781464072662
DNEBNZLOOH                   294.172400000000            12.045639192651          6418.416770079857
C1211CO2H                    256.294900000000            12.955313728117          6991.581753692974
HPC52CO3H                    198.128100000000            12.732721682669          7127.652480941409
PTLQOOH                      172.135400000000            11.207810924765          6048.583899562565
C142OOH                      256.338000000000            13.143440972225          6947.008238831630
C813NO3                      235.191300000000            14.333147945838          7380.663450366354
PXYOLOOH                     204.177300000000            12.045639192651          6418.416770079857
C122OOH                      232.316600000000            11.487407849577          6160.985988303235
C123OOH                      232.316600000000            12.069789024858          6425.085625421863
PNCATECOOH                   279.200800000000            14.459804852070          8154.434725092640
NMETOLOOH                    263.201400000000            13.291967700778          6923.810866136146
IPNCATCOOH                   279.200800000000            14.348961044020          8061.886236959291
INAHPCO2H                    211.126900000000            13.616403060135          7381.738611436261
BCLKAOOH                     270.321500000000            11.637194815691          6177.628329668468
TM123OLOOH                   218.203900000000            12.401188978948          6669.328996984133
INANCO2H                     240.125000000000            13.795597746185          7137.861639730620
C1212OOH                     260.283600000000            14.511428436692          8214.989768385596
C1310OH                      258.310800000000            14.534204836845          8220.684846692990
INB1NBCO2H                   240.125000000000            14.430747830250          7490.092611446824
C921OOH                      204.220300000000            11.902871051721          6435.889725558605
C734OOH                      192.166600000000            13.725191544408          7627.815708408590
NNCATECOOH                   282.118600000000            14.578527823669          7841.276885764740
MXNNCATOOH                   310.171800000000            15.067939774964          8158.004361780811
C1310OOH                     274.310200000000            15.116837771220          8669.282948357473
NDNCRESOOH                   325.143400000000            12.691711932153          6514.534899328236
NC524NO3                     242.140900000000            15.513362627942          8212.934599280639
NC102OOH                     261.228600000000            13.370117598302          6818.192352734833
NDNOXYLOOH                   339.170000000000            13.047261727357          6765.447128782801
PTNNCATCO2                   323.190400000000            12.936556617562          6625.679522861957
MXYOLOOH                     204.177300000000            11.934795412277          6325.868289834313
C826OOH                      190.193800000000            11.884265643628          6247.033693684652
C719OOH                      176.167200000000            13.238952075703          7103.483108047608
C730OOH                      178.183100000000            12.767084360256          6844.158114180790
BCLKBOOH                     270.321500000000            11.748038616460          6270.176815753306
C152OH                       286.363900000000            12.606647376995          6631.788114519598
C141OO                       270.321500000000            12.238448085536          6420.794758660324
PNCATECO2                    278.192900000000            11.936899920652          6278.649171785622
MNNCATCOOH                   296.145200000000            14.823233794955          7999.640622546959
NCATECOOH                    237.121100000000            13.503999276926          7494.246525625438
C148OOH                      286.141600000000            11.862228746851          6254.665658295477
INB1NACO3H                   256.124400000000            13.729414651428          6992.129505465149
BCALOH                       270.364500000000            12.365380930859          6554.750792958948
PXNNCATOOH                   310.171800000000            15.178783568757          8250.552845844219
NMXYQOOH                     231.159600000000            12.485531239981          6553.977988695449
C144OOH                      272.337400000000            13.352501544728          7197.216135146485
C145O                        287.328800000000            13.628883637829          7424.057693338355
INB2OOH                      197.143300000000            12.769139636675          6690.629491843835
C1313OOH                     258.310800000000            12.996951770826          6946.303911791164
C128OOH                      244.284200000000            12.842385953463          6950.379572663029
PTNCATECO2                   278.192900000000            11.936899920652          6278.649171785622
C813OOH                      206.193200000000            14.047136422325          7624.540428027416
PBENZOLOOH                   218.203900000000            12.401188978948          6669.328996984133
DNPXYOLOOH                   294.172400000000            12.045639192651          6418.416770079857
NTM124QOOH                   245.186100000000            12.841081024939          6804.890215215289
INAHCO2H                     195.127500000000            12.222611794700          6417.206435789106
C143CO                       254.322100000000            12.292873628150          6529.194107631504
C147OH                       270.321500000000            13.005292073360          7125.866769472591
OXNNCATOOH                   310.171800000000            15.178783568757          8250.552845844219
C526OOH                      166.129300000000            11.457433865007          6174.601155527738
INDOOH                       197.143300000000            13.362566522359          7042.860465868508
OTNNCATCO2                   323.190400000000            12.936556617562          6625.679522861957
C825OOH                      190.193800000000            13.140433266663          7241.658865901939
C1310NO3                     303.308300000000            12.989354024947          7016.655485681028
DNPETOLOOH                   308.199000000000            12.401188978948          6669.328996984133
T124NNCOOH                   324.198400000000            15.423489550415          8408.916585562352
INCNCO2H                     240.125000000000            13.161867311970          6764.236794015879
NPPRBQOOH                    245.186100000000            12.951924814404          6897.438698064531
C625OOH                      164.156500000000            11.827733741575          6350.540122076546
NDMEPLOOH                    277.228000000000            13.647517475740          7174.723089795005
INAHPPAN                     272.123800000000            12.618194504351          6611.634817912151
C57NO3CO2H                   195.127500000000            13.413421736844          7143.062260222054
NDEMPHOLOH                   275.255200000000            12.660396854661          6532.257745539940
C732CO3H                     204.177300000000            12.107075613647          6440.640360159778
METOLOOH                     218.203900000000            12.290345185937          6576.780513120647
DNPBNZLOOH                   308.199000000000            12.401188978948          6669.328996984133
C1215OOH                     260.283600000000            13.758394945347          7303.670589949089
C1312CO                      240.295500000000            11.937323873755          6278.281889858958
C820OOH                      204.177300000000            12.211878118558          6356.355248118573
MTNCATCOOH                   279.200800000000            14.348961044020          8061.886236959291
T123NCTOOH                   279.200800000000            13.662401556109          7595.712903879065
PTNNCATCO                    307.191000000000            12.936556617562          6625.679522861957
NOETLQOOH                    245.186100000000            12.951924814404          6897.438698064531
C143OH                       256.338000000000            12.956809004781          7003.605913481326
C147CO                       268.305600000000            13.021490011268          6772.822084351353
C135OOH                      302.277200000000            14.807822373612          7970.133671938536
INB1OOH                      197.143300000000            13.362566522359          7042.860465868508
PNNCATCOOH                   324.198400000000            15.534333326151          8501.465064492384
C1215OH                      244.284200000000            13.161718422012          6855.072476365324
INDHPPAN                     272.123800000000            13.253344584215          6963.865788426570
LIMONIC                      186.205100000000            12.223650499558          6552.446619320111
C825OH                       174.194400000000            12.450912674672          6721.906146638405
C134OH                       272.294300000000            13.616468996897          7336.644919516554
OTNNCATCO                    307.191000000000            12.936556617562          6625.679522861957
NC524O2                      212.134800000000            13.159585200520          6804.184115067525
C537OOH                      182.042600000000            11.660415206395          6413.277511925658
C1312OH                      242.311400000000            12.601259218517          6752.693686584644
OXYQOOH                      186.162000000000            11.563360693823          6299.496121530561
OETLQOOH                     200.188600000000            11.918910464214          6550.408343881439
C132OOH                      258.310800000000            13.006839850365          6997.910836911596
PPRBQOOH                     202.204500000000            11.095044268680          6102.555470281498
C137CO3H                     270.321500000000            12.635003457606          6753.753734210802
C1211OH                      228.284800000000            12.821237763141          6767.006960498385
INB1HPPAN                    272.123800000000            13.253344584215          6963.865788426570
BCKBOOH                      256.338000000000            12.492585644797          6482.371616234873
NTM135LOOH                   263.201400000000            13.291967700778          6923.810866136146
C58NO3CO3H                   211.126900000000            12.734236678726          6645.099148987167
NC524OH                      197.143300000000            13.805222544448          7421.124785244411
INB1NAPAN                    301.122000000000            13.393800912055          6719.988818648488
DEMPHOLOH                    230.257600000000            11.714541091764          6185.227392013816
INDHPCO3H                    227.126300000000            13.530644914373          7236.006481865791
C141OOA                      270.321500000000            12.238448085536          6420.794758660324
C146OOH                      270.321500000000            11.637194815691          6177.628329668468
PTNCATCOOH                   279.200800000000            14.459804852070          8154.434725092640
C139OOH                      258.310800000000            14.621314807101          8164.087181469382
NOETOLOOH                    263.201400000000            13.513655287566          7108.907834082403
NPTLQOOH                     217.133000000000            12.240825254479          6395.614247882920
NDNMETLOOH                   353.196500000000            13.402811500034          7016.359351786190
INB1NO3                      226.141500000000            13.574176973173          6798.983492139757
DNC524CO                     240.125000000000            13.819840418945          7100.798314502936
BCKAOOH                      256.338000000000            13.126316090106          6855.996465126193
NTM123LOOH                   263.201400000000            13.402811500034          7016.359351786190
DNIPBZLOOH                   308.199000000000            12.290345185937          6576.780513120647
C1214OOH                     244.284200000000            12.651290078797          6746.998614223289
C118OOH                      246.257000000000            13.402845166406          7052.758365151391
C1211CO3H                    272.294300000000            13.219761764603          7139.910585068618
C1212NO3                     305.281200000000            12.015749335019          6339.204224789708
C922OOH                      220.219700000000            13.744200423194          7362.755632295955
C1212OH                      244.284200000000            13.224524802149          7321.612202722798
C1212O2                      259.275700000000            12.015749335019          6339.204224789708
C623OOH                      164.156500000000            12.411534588016          6593.245891301080
HIEB1OOH                     166.129300000000            12.589579724246          6997.644938918214
NDNPXYLOOH                   339.170000000000            13.047261727357          6765.447128782801
PTNNCATOOH                   324.198400000000            15.534333326151          8501.465064492384
METLQOOH                     200.188600000000            11.808066682481          6457.859863246942
C728OOH                      178.183100000000            12.767084360256          6844.158114180790
IPNNCATCO                    307.191000000000            12.825712834677          6533.131041896940
INB1HPCO2H                   211.126900000000            14.209829980474          7733.969595368144
IPRBQOOH                     200.188600000000            11.808066682481          6457.859863246942
T124NNCTO2                   323.190400000000            12.825712834677          6533.131041896940
MNCATECOOH                   251.147700000000            13.748705269024          7652.610268309042
TM124NOOH                    249.174800000000            12.045639192651          6418.416770079857
C117OOH                      230.257600000000            12.295740296582          6496.086388488227
NMETLQOOH                    245.186100000000            12.841081024939          6804.890215215289
ENNCATCOOH                   310.171800000000            15.178783568757          8250.552845844219
R_HOM_O9                     279.000000000000             7.447700000000          4946.878494981380
R_HOM_O10                    295.000000000000             8.445400000000          5690.514233732380
R_HOM_O11                    311.000000000000             7.440400000000          5670.081166981670
R_HOM_O12                    327.000000000000             8.438200000000          6413.716809292257
R_HOM_O13                    343.000000000000             7.433200000000          6393.283824468810
R_HOM_O14                    359.000000000000             9.979400000000          7317.856447586760
HOM_O7CBN                    246.000000000000             7.447700000000          4946.878494981380
HOM_O8CBN                    262.000000000000             6.442700000000          4926.445463187453
HOM_O9CBN                    278.000000000000             7.440400000000          5670.081166981670
HOM_O10CBN                   294.000000000000             6.435500000000          5649.648141097981
HOM_O11CBN                   310.000000000000             7.433200000000          6393.283824468810
HOM_O12CBN                   326.000000000000             6.428300000000          6372.850703233667
HOM_O13CBN                   342.000000000000             8.974400000000          7297.423348300933
HOM_O4                       200.000000000000             8.995500000000          5375.561240424234
HOM_O5                       216.000000000000             8.281500000000          5237.949558516840
HOM_O6                       232.000000000000             7.276500000000          5217.516592539412
HOM_O7                       248.000000000000             9.159400000000          5828.125841489222
HOM_O8                       264.000000000000             8.154400000000          5807.692798681090
HOM_O9                       280.000000000000             9.152200000000          6551.328543649268
HOM_O10                      296.000000000000             8.147200000000          6530.895461989532
HOM_O11                      312.000000000000             9.145000000000          7274.531107875014
HOM_O12                      328.000000000000             8.140000000000          7254.098068612533
HOM_O13                      344.000000000000            10.686200000000          8178.670685174244
HOM_O14                      360.000000000000             9.972200000000          8041.059008730548
HOM_NO7                      261.000000000000             9.422900000000          5576.389834793348
HOM_NO8                      277.000000000000             7.874500000000          5395.452841491134
HOM_NO9                      293.000000000000             8.907300000000          5754.279990315708
HOM_NO10                     309.000000000000             7.902400000000          5733.846950244937
HOM_NO11                     325.000000000000             8.900100000000          6477.482654549956
HOM_NO12                     341.000000000000             7.895100000000          6457.049563148398
HOM_NO13                     357.000000000000             8.892900000000          7200.685213304158
HOM_NO14                     373.000000000000             7.887900000000          7180.252167454631
HOM_NO15                     389.000000000000            10.434100000000          8104.824873757167
HOM20_O5                     350.000000000000            11.529500000000          6866.828990500528
HOM20_O6                     366.000000000000            10.326200000000          6530.894084432420
HOM20_O7                     382.000000000000             9.519600000000          6825.962901885381
HOM20_O8                     398.000000000000             8.805600000000          6688.351203514801
HOM20_O9                     414.000000000000            11.060800000000          7730.102502500322
HOM20_O10                    430.000000000000            10.346800000000          7592.490793900310
HOM20_O11                    446.000000000000            11.053600000000          8453.305076263192
HOM20_O12                    462.000000000000            10.339600000000          8315.693427042817
HOM20_O13                    478.000000000000            11.046300000000          9176.507666635007
HOM20_O14                    494.000000000000            10.332300000000          9038.896065765819
HOM20_O15                    510.000000000000            11.582600000000         10060.214241247004
HOM20_O16                    526.000000000000            11.873500000000          9943.035651621762
HOM20_O17                    542.000000000000            12.580300000000         10803.849939180098
HOM20_NO7                    397.000000000000            11.277400000000          6792.983081151509
HOM20_NO8                    413.000000000000            10.272400000000          6772.549983116891
HOM20_NO9                    429.000000000000            11.270200000000          7516.185702734299
HOM20_NO10                   445.000000000000            11.977000000000          8376.999985519782
HOM20_NO11                   461.000000000000            11.298000000000          7854.579847911561
HOM20_NO12                   477.000000000000            12.004800000000          8715.394106810547
HOM20_NO13                   493.000000000000            11.290800000000          8577.782424045932
HOM20_NO14                   509.000000000000            11.997600000000          9438.596762236768
HOM20_NO15                   525.000000000000            11.283600000000          9300.985076879730
HOM20_NO16                   541.000000000000            11.827100000000          9461.488975185068
HOM20_NO17                   557.000000000000            12.824800000000         10205.124648774896
HOM20_NO18                   573.000000000000            11.819845262832         10184.691610000003
HOM19_O5                     336.000000000000            11.111141834271          6615.139161000002
HOM19_O6                     352.000000000000             9.907791708903          6279.204282000000
HOM19_O7                     368.000000000000             9.101206675543          6574.273067999999
HOM19_O8                     384.000000000000             8.387210622699          6436.661387999998
HOM19_O9                     400.000000000000            10.642416977297          7478.412658999998
HOM19_O10                    416.000000000000             9.928420938730          7340.800985000000
HOM19_O11                    432.000000000000            10.635195160657          8201.615312999997
HOM19_O12                    448.000000000000             9.921199227026          8064.003667999999
HOM19_O13                    464.000000000000            10.627973390332          8924.817983000006
HOM19_O14                    480.000000000000             9.913977301525          8787.206291000002
HOM19_O15                    496.000000000000            11.164215896100          9808.524464999997
HOM19_O16                    512.000000000000            11.455187648744          9691.345898999993
HOM19_O17                    528.000000000000            12.161961789254         10552.160200000006
HOM19_O18                    544.000000000000            11.483038782566         10029.739970000002
HOM19_NO8                    399.000000000000             9.854088589470          6520.860315000002
HOM19_NO9                    415.000000000000            10.851834140623          7264.495953000004
HOM19_NO10                   431.000000000000            11.558608023365          8125.310192000000
HOM19_NO11                   447.000000000000            10.879685534204          7602.890105999997
HOM19_NO12                   463.000000000000            11.586459340429          8463.704318000006
HOM19_NO13                   479.000000000000            10.872463582217          8326.092721000001
HOM19_NO14                   495.000000000000            11.579237547128          9186.906973000001
HOM19_NO15                   511.000000000000            10.865241537561          9049.295310000001
HOM19_NO16                   527.000000000000            11.408706053004          9209.799196999997
HOM19_NO17                   543.000000000000            12.406451756060          9953.434875999999
HOM19_NO18                   559.000000000000            11.401484391823          9933.001887999999
HOM18_O5                     322.000000000000            10.692781030147          6363.449463999997
HOM18_O6                     338.000000000000             9.489430555029          6027.514486000001
HOM18_O7                     354.000000000000             8.682845663631          6322.583321999998
HOM18_O8                     370.000000000000             7.968849585146          6184.971624999999
HOM18_O9                     386.000000000000            10.224056083051          7226.722938000001
HOM18_O10                    402.000000000000             9.510060074961          7089.111273999998
HOM18_O11                    418.000000000000            10.216834100021          7949.925546999999
HOM18_O12                    434.000000000000             9.502837949447          7812.313834000000
HOM18_O13                    450.000000000000            10.209612113375          8673.128155999997
HOM18_O14                    466.000000000000             9.495616059625          8535.516466999996
HOM18_O15                    482.000000000000            10.745854837618          9556.834698999999
HOM18_O16                    498.000000000000            11.036826654151          9439.656143000007
HOM18_O17                    514.000000000000            11.743600702498         10300.470430000001
HOM18_O18                    530.000000000000            11.064677757003          9778.050209999998
HOM18_NO9                    401.000000000000            10.433472955111          7012.806156000003
HOM18_NO10                   417.000000000000            11.140247340462          7873.620527999997
HOM18_NO11                   433.000000000000            10.461324277670          7351.200279999998
HOM18_NO12                   449.000000000000            11.168098416269          8212.014585999999
HOM18_NO13                   465.000000000000            10.454102443462          8074.402940999999
HOM18_NO14                   481.000000000000            11.160876584283          8935.217239999998
HOM18_NO15                   497.000000000000            10.446880432589          8797.605530000001
HOM18_NO16                   513.000000000000            10.990345051969          8958.109446999999
HOM18_NO17                   529.000000000000            11.988090787699          9701.745136000005
HOM18_NO18                   545.000000000000            10.983123271250          9681.312107999995
HOM18_NO19                   561.000000000000            11.980868781626         10424.947730000005
R_HOM_OH_O6                  233.000000000000             9.678300000000          5637.296609034431
R_HOM_OH_O8                  265.000000000000             7.885400000000          5220.698708371651
R_HOM_OH_O9                  281.000000000000             7.171400000000          5083.087071016971
R_HOM_OH_O10                 297.000000000000             7.878200000000          5943.901299290477
HOM_OH_O5CBN                 216.000000000000             8.673300000000          5616.863495242183
HOM_OH_O7CBN                 248.000000000000             6.880400000000          5200.265671715771
HOM_OH_O8CBN                 264.000000000000             6.166400000000          5062.653994115302
HOM_OH_O9CBN                 280.000000000000             6.873200000000          5923.468267152740
HOM_OH_O4                    202.000000000000             9.388400000000          5583.298432707729
HOM_OH_O5                    218.000000000000            10.385000000000          6498.110924830324
HOM_OH_O6                    234.000000000000             7.885400000000          5220.698708371651
HOM_OH_O7                    250.000000000000             8.592200000000          6081.513024673879
HOM_OH_O8                    266.000000000000             7.878200000000          5943.901299290477
HOM_OH_O9                    282.000000000000             6.874300000000          5752.291487092441
HOM_OH_O10                   298.000000000000             7.581100000000          6613.105809404993
HOM_OH_NO6                   247.000000000000             9.426200000000          5563.450659825249
HOM_OH_NO7                   263.000000000000            10.133000000000          6424.264975792520
HOM_OH_NO8                   279.000000000000             7.633300000000          5146.852915402640
HOM_OH_NO9                   295.000000000000             8.340100000000          6007.667093210470
HOM_OH_NO10                  311.000000000000             7.626100000000          5870.055494914420
HOM_OH_NO11                  327.000000000000             8.332800000000          6730.869731572422
HOM20_OH_O6                  370.000000000000            10.067400000000          6802.350920462139
HOM20_OH_O7                  386.000000000000             9.352300000000          6835.915983981291
HOM20_OH_O8                  402.000000000000             8.564400000000          6439.751255664892
HOM20_OH_O9                  418.000000000000             9.271100000000          7300.565495321953
HOM20_OH_O10                 434.000000000000             8.557100000000          7162.953778591419
HOM20_OH_O11                 450.000000000000             9.263900000000          8023.768133039179
HOM20_OH_O12                 466.000000000000             9.970700000000          8884.582391188320
HOM20_OH_O13                 482.000000000000             9.256700000000          8746.970740126999
HOM20_OH_NO8                 417.000000000000            10.105200000000          6782.503160202639
HOM20_OH_NO9                 433.000000000000            10.811900000000          7643.317481560642
HOM20_OH_NO10                449.000000000000             9.019100000000          7226.719618990120
HOM20_OH_NO11                465.000000000000             9.019100000000          7226.719618990120
HOM20_OH_NO12                481.000000000000             9.725800000000          8087.533942700381
HOM20_OH_NO13                497.000000000000             9.011800000000          7949.922245757201
HOM20_OH_NO14                513.000000000000             9.718605110928          8810.736526000002
HOM19_OH_O6                  356.000000000000             9.649060031138          6550.661133000001
HOM19_OH_O7                  372.000000000000             8.933921563969          6584.226199000002
HOM19_OH_O8                  388.000000000000             8.146003533586          6188.061368000000
HOM19_OH_O9                  404.000000000000             8.852777808888          7048.875717000001
HOM19_OH_O10                 420.000000000000             8.138781856227          6911.264059000000
HOM19_OH_O11                 436.000000000000             8.845555747084          7772.078295000004
HOM19_OH_O12                 452.000000000000             9.552329881749          8632.892600999996
HOM19_OH_O13                 468.000000000000             8.838333897842          8495.280935999997
HOM19_OH_O14                 484.000000000000             9.545108025643          9356.095241999998
HOM19_OH_NO9                 419.000000000000            10.393577625227          7391.627755000000
HOM19_OH_NO10                435.000000000000             9.388609849218          7371.194649000000
HOM19_OH_NO11                451.000000000000             8.600692158131          6975.029915000000
HOM19_OH_NO12                467.000000000000             9.307466088432          7835.844161999997
HOM19_OH_NO13                483.000000000000             8.593470181772          7698.232529999998
HOM19_OH_NO14                499.000000000000             9.300243739625          8559.046665000000
HOM18_OH_O5                  326.000000000000            10.235666582074          6319.404420000001
HOM18_OH_O6                  342.000000000000             9.230698832104          6298.971319000000
HOM18_OH_O7                  358.000000000000             8.515560697155          6332.536490000002
HOM18_OH_O8                  374.000000000000             7.727642764127          5936.371689000002
HOM18_OH_O9                  390.000000000000             8.434416507527          6797.185877999998
HOM18_OH_O10                 406.000000000000             7.720420784948          6659.574292000000
HOM18_OH_O11                 422.000000000000             8.427194843108          7520.388576000001
HOM18_OH_O12                 438.000000000000             9.133968844380          8381.202842999997
HOM18_OH_O13                 454.000000000000             8.419972866139          8243.591183000000
HOM18_OH_O14                 470.000000000000             9.126747200747          9104.405543999999
HOM18_OH_NO10                421.000000000000             8.970248616405          7119.504833000000
HOM18_OH_NO11                437.000000000000             8.182330869012          6723.340087999999
HOM18_OH_NO12                453.000000000000             8.889105076418          7584.154412999996
HOM18_OH_NO13                469.000000000000             8.175108840174          7446.542681999997
HOM18_OH_NO14                485.000000000000             8.881882926799          8307.356970999996
HOM18_OH_NO15                501.000000000000             8.167887004019          8169.745320000001
HOM_nucl                     398.000000000000            10.000000000000         10000.000000000000
GENERIC                      437.000000000000            10.000000000000         10000.000000000000
