#Compound                    Mass                        parameter_A              parameter_B
C134CO                       270.278400000000            13.356489852669          6816.463550995712
BCCOOH                       254.365100000000            12.335575423393          6397.148292534742
DNMXYOLOOH                   294.172400000000            12.045639192651          6418.416770079857
C823CO                       156.179100000000             9.945579338565          4833.543239317818
C124OH                       214.301300000000            10.104215088718          5166.821467236303
C137CO                       224.296100000000            11.058265473332          5532.813459591152
MBOAOOH                      136.146400000000             9.924866792237          4979.408769635831
DEMPHOLOOH                   246.257000000000            13.001444737298          7078.604960850639
EBZMUCOOH                    204.177300000000            10.840544725074          5698.364518581907
DMKOHOOH                     162.140600000000             9.437491416368          4815.018246013852
IPBZBPR2OH                   186.205100000000            10.414313326745          5167.168296182062
C42OH                        165.101500000000             9.951056799768          4829.222135126322
C63NO3                       177.155200000000            10.710677120272          5049.360154574692
NPETOLO2                     262.193500000000            10.587574467389          5140.573802556941
NPTLQO                       200.125600000000             9.083093552323          4519.828703207590
C917NO3                      215.203200000000            10.713404057654          5378.982478802981
NEBNZOLOOH                   249.174800000000            13.047261727357          6765.447128782801
NPETOLOH                     247.202000000000            12.060141111013          6122.981785884290
C731OOH                      160.167800000000             9.684924752366          4767.267322911624
NC524OOH                     213.142700000000            15.266248624725          8456.811578286577
C925OOH                      220.219700000000            14.349884586915          7698.009880121673
H3C2C4CO2H                   132.114600000000             9.667657328627          4878.427060567950
NPETLQO2                     244.178200000000             9.683349318427          4929.104669293543
PXYMUCNO3                    233.175400000000            10.775977413847          5361.939055905215
C1010OOH                     200.231600000000            10.507763215269          5426.191817622494
TMB2FUOOH                    176.167200000000            10.647403925416          5287.159666167284
H3C25CCO3H                   190.150700000000            10.591016973225          5519.357471272205
C823OOH                      174.194400000000            11.197583171144          5849.101631834757
C88OOH                       172.178500000000            10.112749225829          4889.657133521732
C1013CO2H                    214.258200000000            10.625073337341          5108.026341318020
C7EDCOOH                     176.167200000000             9.793041197655          5065.930471483596
NMXYQO2                      230.151600000000             9.327799535132          4678.192443248675
C827OOH                      174.194400000000             9.323946566015          4590.376813569489
NDNPBZLOOH                   353.196500000000            13.402811500034          7016.359351786190
NDNPETLOOH                   353.196500000000            13.402811500034          7016.359351786190
C1312O                       241.303400000000            10.996749158294          5548.664331850473
OTNCATECO                    262.193500000000            11.936899920652          6278.649171785622
HNC524CO                     195.127500000000            12.107551062825          6308.988500052524
C139NO3                      303.308300000000            12.125635655217          6288.301623510558
METLOBPROH                   184.189200000000             9.643296259538          4690.799153604898
NPHENOOH                     221.121700000000            12.447005963676          6356.171163390813
C57NO3                       179.128100000000            10.830912886732          5339.816852638558
C1313NO3                     287.308900000000            10.783630646982          5293.676450853550
BCALBCO                      250.333400000000             9.936818200532          4918.674077227364
IPBZMUCOH                    202.204500000000            10.264047312386          5265.820929187179
C9M2CO6OH                    184.232200000000             8.611100663439          4400.327339809244
C152OOH                      302.363300000000            13.949317787402          7525.165686545695
HO13C3CO3H                   136.103300000000            10.460372311363          5312.842625104692
C82OOH                       176.210200000000            10.647589943313          5421.436736026437
C716OOH                      174.151300000000             9.864652203876          4901.945470664807
C83COOHOOH                   204.177300000000            11.010454781284          5668.870018590650
C151OH                       286.363900000000            14.399891994980          8022.741954238712
C151O2                       301.355400000000            13.553936045973          7263.492050109241
C629OOH                      162.140600000000            10.155708782115          5071.267156066104
C134O                        271.286400000000            12.124222365729          6203.770170695243
C920CO3H                     216.231000000000            10.601896942406          5360.810541469475
LIMCOH                       170.248700000000             9.598597666740          4673.890905714624
PXYFUOOH                     148.114000000000            10.791722392019          5344.057031229906
C735OOH                      174.151300000000             9.813409133613          4976.533662825519
CO25C6CO2H                   158.151900000000            10.525506195443          5312.248575388065
NDNT124LO                    336.189200000000            10.476730676615          5048.025319335150
PETLMUCO2H                   184.189200000000            10.805649378780          5464.713595369643
C88PAN                       245.186100000000             9.510862294853          4851.426155567029
C121OOH                      216.317200000000            10.638040788752          5384.759365457627
BCALBOOH                     268.348700000000            11.258576035616          5884.019962705538
LIMBOOH                      186.248100000000            10.458737230813          5266.334946834470
C733OOH                      176.167200000000            11.146138908964          5824.570306811651
C815CO2OOH                   172.178500000000             9.301823274249          4681.661600505808
TM135BPNO3                   231.202600000000            11.827999949775          5706.450026757730
TM124MUO2H                   184.189200000000            10.694805565540          5372.165105714897
EBFUOOH                      162.140600000000            11.147272164260          5594.969254109618
T123NCATO                    262.193500000000            11.117829288015          5719.927356469913
C1310O                       257.302800000000            12.989354024947          7016.655485681028
HOM_O10                      296.000000000000             8.147200000000          6530.895461989532
HOM_O11                      312.000000000000             9.145000000000          7274.531107875014
HOM_O12                      328.000000000000             8.140000000000          7254.098068612533
HOM_O13                      344.000000000000            10.686200000000          8178.670685174244
HOM_O14                      360.000000000000             9.972200000000          8041.059008730548
HOM_NO5                      229.000000000000             8.886700000000          4692.683259451670
HOM_NO6                      245.000000000000             7.881700000000          4672.250251790159
HOM_NO7                      261.000000000000             9.422900000000          5576.389834793348
HOM_NO8                      277.000000000000             7.874500000000          5395.452841491134
HOM_NO9                      293.000000000000             8.907300000000          5754.279990315708
HOM_NO10                     309.000000000000             7.902400000000          5733.846950244937
HOM_NO11                     325.000000000000             8.900100000000          6477.482654549956
HOM_NO12                     341.000000000000             7.895100000000          6457.049563148398
HOM_NO13                     357.000000000000             8.892900000000          7200.685213304158
HOM_NO14                     373.000000000000             7.887900000000          7180.252167454631
HOM_NO15                     389.000000000000            10.434100000000          8104.824873757167
HOM20_O5                     350.000000000000            11.529500000000          6866.828990500528
HOM20_O6                     366.000000000000            10.326200000000          6530.894084432420
HOM20_O7                     382.000000000000             9.519600000000          6825.962901885381
HOM20_O8                     398.000000000000             8.805600000000          6688.351203514801
HOM20_O9                     414.000000000000            11.060800000000          7730.102502500322
HOM20_O10                    430.000000000000            10.346800000000          7592.490793900310
HOM20_O11                    446.000000000000            11.053600000000          8453.305076263192
HOM20_O12                    462.000000000000            10.339600000000          8315.693427042817
HOM20_O13                    478.000000000000            11.046300000000          9176.507666635007
HOM20_O14                    494.000000000000            10.332300000000          9038.896065765819
HOM20_O15                    510.000000000000            11.582600000000         10060.214241247004
HOM20_O16                    526.000000000000            11.873500000000          9943.035651621762
HOM20_O17                    542.000000000000            12.580300000000         10803.849939180098
HOM20_NO7                    397.000000000000            11.277400000000          6792.983081151509
HOM20_NO8                    413.000000000000            10.272400000000          6772.549983116891
HOM20_NO9                    429.000000000000            11.270200000000          7516.185702734299
HOM20_NO10                   445.000000000000            11.977000000000          8376.999985519782
HOM20_NO11                   461.000000000000            11.298000000000          7854.579847911561
HOM20_NO12                   477.000000000000            12.004800000000          8715.394106810547
HOM20_NO13                   493.000000000000            11.290800000000          8577.782424045932
HOM20_NO14                   509.000000000000            11.997600000000          9438.596762236768
HOM20_NO15                   525.000000000000            11.283600000000          9300.985076879730
HOM20_NO16                   541.000000000000            11.827100000000          9461.488975185068
HOM20_NO17                   557.000000000000            12.824800000000         10205.124648774896
HOM20_NO18                   573.000000000000            11.819845262832         10184.691610000003
HOM19_O5                     336.000000000000            11.111141834271          6615.139161000002
HOM19_O6                     352.000000000000             9.907791708903          6279.204282000000
HOM19_O7                     368.000000000000             9.101206675543          6574.273067999999
HOM19_O8                     384.000000000000             8.387210622699          6436.661387999998
HOM19_O9                     400.000000000000            10.642416977297          7478.412658999998
HOM19_O10                    416.000000000000             9.928420938730          7340.800985000000
HOM19_O11                    432.000000000000            10.635195160657          8201.615312999997
HOM19_O12                    448.000000000000             9.921199227026          8064.003667999999
HOM19_O13                    464.000000000000            10.627973390332          8924.817983000006
HOM19_O14                    480.000000000000             9.913977301525          8787.206291000002
HOM19_O15                    496.000000000000            11.164215896100          9808.524464999997
HOM19_O16                    512.000000000000            11.455187648744          9691.345898999993
HOM19_O17                    528.000000000000            12.161961789254         10552.160200000006
HOM19_O18                    544.000000000000            11.483038782566         10029.739970000002
HOM19_NO8                    399.000000000000             9.854088589470          6520.860315000002
HOM19_NO9                    415.000000000000            10.851834140623          7264.495953000004
HOM19_NO10                   431.000000000000            11.558608023365          8125.310192000000
HOM19_NO11                   447.000000000000            10.879685534204          7602.890105999997
HOM19_NO12                   463.000000000000            11.586459340429          8463.704318000006
HOM19_NO13                   479.000000000000            10.872463582217          8326.092721000001
HOM19_NO14                   495.000000000000            11.579237547128          9186.906973000001
HOM19_NO15                   511.000000000000            10.865241537561          9049.295310000001
HOM19_NO16                   527.000000000000            11.408706053004          9209.799196999997
HOM19_NO17                   543.000000000000            12.406451756060          9953.434875999999
HOM19_NO18                   559.000000000000            11.401484391823          9933.001887999999
HOM18_O4                     306.000000000000             9.986006700241          5502.635106000003
HOM18_O5                     322.000000000000            10.692781030147          6363.449463999997
HOM18_O6                     338.000000000000             9.489430555029          6027.514486000001
HOM18_O7                     354.000000000000             8.682845663631          6322.583321999998
HOM18_O8                     370.000000000000             7.968849585146          6184.971624999999
HOM18_O9                     386.000000000000            10.224056083051          7226.722938000001
HOM18_O10                    402.000000000000             9.510060074961          7089.111273999998
HOM18_O11                    418.000000000000            10.216834100021          7949.925546999999
HOM18_O12                    434.000000000000             9.502837949447          7812.313834000000
HOM18_O13                    450.000000000000            10.209612113375          8673.128155999997
HOM18_O14                    466.000000000000             9.495616059625          8535.516466999996
HOM18_O15                    482.000000000000            10.745854837618          9556.834698999999
HOM18_O16                    498.000000000000            11.036826654151          9439.656143000007
HOM18_O17                    514.000000000000            11.743600702498         10300.470430000001
HOM18_O18                    530.000000000000            11.064677757003          9778.050209999998
HOM18_NO9                    401.000000000000            10.433472955111          7012.806156000003
HOM18_NO10                   417.000000000000            11.140247340462          7873.620527999997
HOM18_NO11                   433.000000000000            10.461324277670          7351.200279999998
HOM18_NO12                   449.000000000000            11.168098416269          8212.014585999999
HOM18_NO13                   465.000000000000            10.454102443462          8074.402940999999
HOM18_NO14                   481.000000000000            11.160876584283          8935.217239999998
HOM18_NO15                   497.000000000000            10.446880432589          8797.605530000001
HOM18_NO16                   513.000000000000            10.990345051969          8958.109446999999
HOM18_NO17                   529.000000000000            11.988090787699          9701.745136000005
HOM18_NO18                   545.000000000000            10.983123271250          9681.312107999995
HOM18_NO19                   561.000000000000            11.980868781626         10424.947730000005
R_HOM_OH_O5                  217.000000000000             8.681700000000          4722.484110195383
R_HOM_OH_O6                  233.000000000000             9.678300000000          5637.296609034431
R_HOM_OH_O7                  249.000000000000             7.178600000000          4359.884412322313
R_HOM_OH_O8                  265.000000000000             7.885400000000          5220.698708371651
R_HOM_OH_O9                  281.000000000000             7.171400000000          5083.087071016971
R_HOM_OH_O10                 297.000000000000             7.878200000000          5943.901299290477
HOM_OH_O4CBN                 200.000000000000             7.676700000000          4702.051062635217
HOM_OH_O5CBN                 216.000000000000             8.673300000000          5616.863495242183
HOM_OH_O6CBN                 232.000000000000             6.173600000000          4339.451396154291
HOM_OH_O7CBN                 248.000000000000             6.880400000000          5200.265671715771
HOM_OH_O8CBN                 264.000000000000             6.166400000000          5062.653994115302
HOM_OH_O9CBN                 280.000000000000             6.873200000000          5923.468267152740
HOM_OH_O4                    202.000000000000             9.388400000000          5583.298432707729
HOM_OH_O5                    218.000000000000            10.385000000000          6498.110924830324
HOM_OH_O6                    234.000000000000             7.885400000000          5220.698708371651
HOM_OH_O7                    250.000000000000             8.592200000000          6081.513024673879
HOM_OH_O8                    266.000000000000             7.878200000000          5943.901299290477
HOM_OH_O9                    282.000000000000             6.874300000000          5752.291487092441
HOM_OH_O10                   298.000000000000             7.581100000000          6613.105809404993
HOM_OH_NO6                   247.000000000000             9.426200000000          5563.450659825249
HOM_OH_NO7                   263.000000000000            10.133000000000          6424.264975792520
HOM_OH_NO8                   279.000000000000             7.633300000000          5146.852915402640
HOM_OH_NO9                   295.000000000000             8.340100000000          6007.667093210470
HOM_OH_NO10                  311.000000000000             7.626100000000          5870.055494914420
HOM_OH_NO11                  327.000000000000             8.332800000000          6730.869731572422
HOM20_OH_O6                  370.000000000000            10.067400000000          6802.350920462139
HOM20_OH_O7                  386.000000000000             9.352300000000          6835.915983981291
HOM20_OH_O8                  402.000000000000             8.564400000000          6439.751255664892
HOM20_OH_O9                  418.000000000000             9.271100000000          7300.565495321953
HOM20_OH_O10                 434.000000000000             8.557100000000          7162.953778591419
HOM20_OH_O11                 450.000000000000             9.263900000000          8023.768133039179
HOM20_OH_O12                 466.000000000000             9.970700000000          8884.582391188320
HOM20_OH_O13                 482.000000000000             9.256700000000          8746.970740126999
HOM20_OH_NO8                 417.000000000000            10.105200000000          6782.503160202639
HOM20_OH_NO9                 433.000000000000            10.811900000000          7643.317481560642
HOM20_OH_NO10                449.000000000000             9.019100000000          7226.719618990120
HOM20_OH_NO11                465.000000000000             9.019100000000          7226.719618990120
HOM20_OH_NO12                481.000000000000             9.725800000000          8087.533942700381
HOM20_OH_NO13                497.000000000000             9.011800000000          7949.922245757201
HOM20_OH_NO14                513.000000000000             9.718605110928          8810.736526000002
HOM19_OH_O6                  356.000000000000             9.649060031138          6550.661133000001
HOM19_OH_O7                  372.000000000000             8.933921563969          6584.226199000002
HOM19_OH_O8                  388.000000000000             8.146003533586          6188.061368000000
HOM19_OH_O9                  404.000000000000             8.852777808888          7048.875717000001
HOM19_OH_O10                 420.000000000000             8.138781856227          6911.264059000000
HOM19_OH_O11                 436.000000000000             8.845555747084          7772.078295000004
HOM19_OH_O12                 452.000000000000             9.552329881749          8632.892600999996
HOM19_OH_O13                 468.000000000000             8.838333897842          8495.280935999997
HOM19_OH_O14                 484.000000000000             9.545108025643          9356.095241999998
HOM19_OH_NO9                 419.000000000000            10.393577625227          7391.627755000000
HOM19_OH_NO10                435.000000000000             9.388609849218          7371.194649000000
HOM19_OH_NO11                451.000000000000             8.600692158131          6975.029915000000
HOM19_OH_NO12                467.000000000000             9.307466088432          7835.844161999997
HOM19_OH_NO13                483.000000000000             8.593470181772          7698.232529999998
HOM19_OH_NO14                499.000000000000             9.300243739625          8559.046665000000
HOM18_OH_O5                  326.000000000000            10.235666582074          6319.404420000001
HOM18_OH_O6                  342.000000000000             9.230698832104          6298.971319000000
HOM18_OH_O7                  358.000000000000             8.515560697155          6332.536490000002
HOM18_OH_O8                  374.000000000000             7.727642764127          5936.371689000002
HOM18_OH_O9                  390.000000000000             8.434416507527          6797.185877999998
HOM18_OH_O10                 406.000000000000             7.720420784948          6659.574292000000
HOM18_OH_O11                 422.000000000000             8.427194843108          7520.388576000001
HOM18_OH_O12                 438.000000000000             9.133968844380          8381.202842999997
HOM18_OH_O13                 454.000000000000             8.419972866139          8243.591183000000
HOM18_OH_O14                 470.000000000000             9.126747200747          9104.405543999999
HOM18_OH_NO10                421.000000000000             8.970248616405          7119.504833000000
HOM18_OH_NO11                437.000000000000             8.182330869012          6723.340087999999
HOM18_OH_NO12                453.000000000000             8.889105076418          7584.154412999996
HOM18_OH_NO13                469.000000000000             8.175108840174          7446.542681999997
HOM18_OH_NO14                485.000000000000             8.881882926799          8307.356970999996
HOM18_OH_NO15                501.000000000000             8.167887004019          8169.745320000001
HOM_nucl                     398.000000000000            10.000000000000         10000.000000000000
GENERIC                      437.000000000000            10.000000000000         10000.000000000000
