#Compound                    Mass                        parameter_A              parameter_B
C134CO                       270.278400000000            13.373365311806          7175.821281903928
BCCOOH                       254.365100000000            12.084697101630          6350.733276201307
DNMXYOLOOH                   294.172400000000            17.290822462826          9280.740251494708
DEMPHOLOOH                   246.257000000000            13.432362014827          6969.799318225452
EBZMUCOOH                    204.177300000000            13.142707051932          6881.537557185698
NEBNZOLOOH                   249.174800000000            12.747852611411          6572.202964819126
NC524OOH                     213.142700000000            17.449527069112          9348.590961003913
C925OOH                      220.219700000000            15.231129031322          8158.678156329183
NDNPBZLOOH                   353.196500000000            18.358780724516          9927.403998580870
NDNPETLOOH                   353.196500000000            17.975229119309          9704.459982854360
OTNCATECO                    262.193500000000            13.353716033876          6869.519697116614
HNC524CO                     195.127500000000            13.895590707552          7219.261586122415
C152OOH                      302.363300000000            14.892502572907          7975.984678505954
C83COOHOOH                   204.177300000000            13.171460935302          6925.112660394322
C151OH                       286.363900000000            16.660867261016          8971.783179359889
C151O2                       301.355400000000            13.161922449086          6931.848348817733
C134O                        271.286400000000            11.887817706131          6278.328395164620
NDNT124LO                    336.189200000000            13.287073666470          6974.362256349257
BCALBOOH                     268.348700000000            11.868435312554          6242.725430450597
NDNCRESO2                    324.135400000000            12.497751789201          6450.252132191161
T123NCATO                    262.193500000000            13.141204325501          6765.410654188526
C1310O                       257.302800000000            12.872799223384          6769.085477462109
DNPHENO                      249.111900000000            12.503974621525          6431.080965589990
PTNCATECO                    262.193500000000            13.353716033876          6869.519697116614
MVKOHBOOH                    136.103300000000            12.809229373269          6687.140371751636
C1213OOH                     276.283000000000            18.745737552341         10177.142012980185
C7CO3OHOOH                   190.150700000000            12.654746330328          6607.497719568462
DNIPBNZLO2                   307.191000000000            12.966954471011          6727.179096340551
C534OOH                      180.112800000000            13.143416025325          6762.895051306151
DETLMUOOH                    246.257000000000            13.983377485764          7396.882949492558
NPEBQOOH                     231.159600000000            12.220264223288          6415.624952403152
INAHPCO3H                    227.126300000000            14.769200592752          7732.483788374032
IPNNCATOOH                   324.198400000000            18.313317787671          9857.248952770391
C1312OOH                     258.310800000000            13.903435533649          7408.321040710180
DNEBNZLO2                    293.164500000000            12.747769085236          6571.580938305742
INANCO3H                     256.124400000000            13.659895087014          7069.196071080175
NC6PAN1                      294.129300000000            12.074558134411          6293.636840112181
INANPAN                      301.122000000000            12.420031472441          6414.482210829037
INB1NBCO3H                   256.124400000000            13.744246111256          7142.273379950513
EMPONO2OOH                   263.201400000000            14.821358515277          7811.561947431253
C1213OH                      260.283600000000            17.202105547673          9283.059342144095
DNCRESO                      263.138500000000            12.686589907532          6549.046102117436
C7MJPCO3H                    216.188000000000            12.220924864120          6367.453409240593
C1213O2                      275.275100000000            13.272223449143          6985.828767036948
C133CO                       256.294900000000            12.244217365715          6504.898179564296
C151OOH                      302.363300000000            18.407501505481          9986.285875383026
NPETLQOOH                    245.186100000000            12.403924711671          6527.708048786019
TLEMUCOOH                    190.150700000000            12.650762218367          6576.140168039845
DNOXYOLOOH                   294.172400000000            17.290822462826          9280.740251494708
MNNCATECO                    279.137900000000            13.068859012519          6727.517146075525
PNNCATECO2                   323.190400000000            13.628328014472          7067.494493083145
NDNOETLOOH                   353.196500000000            17.975229119309          9704.459982854360
OXYMUCOOH                    204.177300000000            13.004375814574          6780.610202022994
NDNT124LO2                   352.188600000000            12.913403344931          6729.882818536984
INB1NBPAN                    301.122000000000            12.471484084778          6466.120547770087
C1213O                       259.275700000000            13.753067697807          7295.379035745627
NDNMETOLO                    336.189200000000            13.532213895422          7113.376092198430
INAOOH                       197.143300000000            13.857627476835          7210.108976602899
NDNPXYOLO2                   338.162000000000            12.688933513844          6574.356732104789
PETLMUCOOH                   218.203900000000            13.307971718386          6983.076551599820
NDNPETOLO                    336.189200000000            13.532213895422          7113.376092198430
C1311OOH                     242.311400000000            12.464420483326          6523.652894456359
ENNCATECO                    293.164500000000            13.551971510934          7034.082305439822
C145OOH                      304.336200000000            18.919026491208         10292.407931370786
T124NCTOOH                   279.200800000000            17.282471808462          9221.931118388917
C1310O2                      273.302200000000            12.435521723385          6482.127057269052
C812OOH                      190.193800000000            13.862314284225          7264.186214863891
C734OH                       176.167200000000            13.730900515028          7185.689440203592
INB1NACO2H                   240.125000000000            14.470464495888          7579.159833342643
C118OH                       230.257600000000            13.088038599072          6901.672520429247
IPBZOLOOH                    218.203900000000            12.813740549957          6592.886807150878
C1213CO                      258.267700000000            15.457413639378          8321.906684763428
NTM124LOOH                   263.201400000000            12.644165402624          6509.767836096131
C133OH                       258.310800000000            13.766927285597          7340.727085681346
PXNNCATCO                    293.164500000000            13.082815279350          6740.026356521303
HIEB2OOH                     166.129300000000            15.313373814826          8085.633283681875
NIPBZOLOOH                   263.201400000000            12.967750747266          6727.954234824650
NDNCRESO                     308.136000000000            12.871316705363          6699.364789998759
BCLKCOOH                     270.321500000000            12.525110296780          6635.691103080773
NPBNZOLOOH                   263.201400000000            13.226606685216          6874.922631397273
MTNCATECO2                   278.192900000000            13.117772645822          6698.714337766778
OXNNCATCO2                   309.163900000000            12.707575503911          6483.630030445893
T124NNCTO                    307.191000000000            13.323478775500          6907.581083661190
T123NNCOOH                   324.198400000000            18.020617960233          9690.997988450779
INAHCO3H                     211.126900000000            13.277778859994          6786.830586317496
NPETOLOOH                    263.201400000000            12.931383067822          6690.331287142052
NDNPHENO                     294.109500000000            12.684841477991          6579.440641475189
DETLMUOH                     230.257600000000            12.561882278600          6518.000491231553
C125OOH                      244.284200000000            12.225584851041          6467.408330303093
T123NNCTO2                   323.190400000000            13.156829704549          6798.415322996245
OTNCATCOOH                   279.200800000000            17.867476479810          9561.820114198674
INCOOH                       197.143300000000            13.607584883080          7055.311484050844
DNMETOLO2                    307.191000000000            12.940437050644          6696.139947132471
C1213NO3                     305.281200000000            12.470682506742          6454.813958519631
C1212O                       243.276300000000            12.435867693089          6485.468213806751
C1313OH                      242.311400000000            12.712578224837          6656.870811404328
OTNNCATOOH                   324.198400000000            17.997976826283          9662.373748953456
MXOHNO2OOH                   249.174800000000            14.545841229326          7638.949797827429
MTNNCATOOH                   324.198400000000            18.246724905618          9809.478039273959
C57NO3CO3H                   211.126900000000            13.612219960431          7019.919040797966
NDNPBNZLO                    336.189200000000            13.821233512699          7289.381852224576
NDNOXYOLO2                   338.162000000000            12.688933513844          6574.356732104789
INDHCO3H                     211.126900000000            13.376536261947          6872.764962505006
C151NO3                      331.361500000000            12.405493380488          6434.358305275920
NPBFUOOH                     221.164700000000            11.888839563446          6251.839102198062
NDNPHENOOH                   311.116800000000            17.012510715183          9136.871775982110
OETLMUCOOH                   218.203900000000            13.477100666457          7074.541359600652
NIPRBQOOH                    245.186100000000            12.389448856792          6520.593617175628
DNOETOLO2                    307.191000000000            12.940437050644          6696.139947132471
PNNCATECO                    307.191000000000            14.044801711977          7343.255287944721
DNPBNZLO                     291.191600000000            13.645180052835          7150.548313094975
NDNMXYLOOH                   339.170000000000            17.400291010692          9367.221685588271
INCNCO3H                     256.124400000000            13.436893369028          6931.332221101329
DNCRESOOH                    280.145800000000            17.108011712811          9171.941345921672
C133OOH                      274.310200000000            15.065361994838          8111.250188152804
OETLMUCNO3                   247.202000000000            12.450747114663          6467.332260580081
BCALOOH                      286.363900000000            14.664445231925          7862.041754089774
C527OOH                      166.129300000000            13.586349071837          7095.597507999174
C112OOH                      218.290000000000            12.171047916054          6334.593085539633
INANO3                       226.141500000000            12.751966476369          6537.604366603706
NDNEBZLOOH                   339.170000000000            17.776162106834          9587.383596450532
C621OOH                      178.140000000000            14.277792175334          7589.538715834788
MMALNBCO2H                   193.111600000000            12.738679769273          6521.452498142543
DNOETOLOOH                   308.199000000000            17.868013658279          9621.724762886866
OXNCATECO                    248.166900000000            12.869150806796          6558.240696961380
DNOXYOLO                     277.165100000000            12.872035460259          6668.316077727011
C536OOH                      182.042600000000            14.798018614846          7829.337670027662
BCSOZOOH                     302.363300000000            12.861619142964          6789.290162258025
HMACROOH                     136.103300000000            12.966081029191          6717.090053076286
PNCATECO                     262.193500000000            13.848399407220          7181.245503766591
C137OOH                      242.311400000000            12.990292043348          6823.368536022882
C525OOH                      166.129300000000            15.730380781476          8398.906133205979
C137CO2H                     254.322100000000            13.291839456722          7037.919055941844
MTNNCATCO2                   323.190400000000            13.350138960194          6893.694379801963
OXNCATCOOH                   265.174200000000            17.283761395419          9211.488013804435
MXNCATCOOH                   265.174200000000            17.538707844300          9365.027487301455
PETOLOOH                     218.203900000000            12.766343498700          6546.375557223281
OTNCATECO2                   278.192900000000            12.939094441354          6584.507357895329
DNEBNZLO                     277.165100000000            13.161115503275          6848.476638560211
METLMUCNO3                   247.202000000000            12.317713871312          6391.701054663083
DMEBMUOOH                    232.230400000000            13.478643803711          7088.061518664945
NC61CO3H                     249.131800000000            12.637957559495          6600.437887838973
MTNNCATCO                    307.191000000000            13.749515521963          7160.442038366586
C134OOH                      288.293700000000            16.375914155337          8872.132005720272
NDNMXYOLO                    322.162600000000            13.059789758732          6819.858691038762
C113OOH                      218.290000000000            12.171047916054          6334.593085539633
DNPHENOOH                    266.119200000000            16.932187755939          9067.198968467617
C516OOH                      164.113400000000            14.462607580490          7645.131819696584
DNMETOLOOH                   308.199000000000            17.868013658279          9621.724762886866
DMEPHOLOOH                   232.230400000000            12.945357697684          6661.431508648846
INB1HPCO3H                   227.126300000000            14.884621671135          7822.523334181302
OETOLOOH                     218.203900000000            12.766343498700          6546.375557223281
C1310CO                      256.294900000000            14.441065773065          7729.098503085333
C734CO                       174.151300000000            12.121499171066          6298.713959520791
MNCATECO                     234.140300000000            12.864696607533          6552.924043561457
INB1OH                       181.143900000000            12.727267768588          6510.470719221379
C535OOH                      180.112800000000            13.143416025325          6762.895051306151
C147OOH                      286.320900000000            15.877841712022          8558.774622985178
C131CO2H                     254.322100000000            11.938725030423          6279.608137781843
NDNPETOLO2                   352.188600000000            13.148583648909          6863.219545063096
C1211OOH                     244.284200000000            13.964317850934          7420.514696945645
DNT123LOOH                   308.199000000000            17.281438924980          9284.989736749485
PXNCATCOOH                   265.174200000000            17.283761395419          9211.488013804435
PXYMUCOOH                    204.177300000000            12.813966380480          6677.078322110194
IPNNCATCO2                   323.190400000000            13.377531189386          6925.642647498606
NORLIMOOH                    204.220300000000            12.415715792352          6484.211338376138
DNOETOLO                     291.191600000000            13.348795015255          6967.701743160014
NDNT123OOH                   353.196500000000            17.668807005450          9532.181853226177
DNT124LOOH                   308.199000000000            17.281438924980          9284.989736749485
C135O2                       301.269300000000            12.568108453003          6671.379735527388
NC524O                       196.135400000000            12.663421053395          6474.102584372629
C151O                        285.356000000000            13.609961392145          7218.980495126420
PBZMUCOH                     202.204500000000            12.432705613218          6433.606487595138
NNCATECO                     265.111300000000            12.694395130767          6486.355547576023
NC72OOH                      233.132400000000            12.538166204351          6601.351262164470
NDEMPLOOH                    291.254600000000            13.601199887362          7112.593447455664
C145O2                       303.328200000000            13.472049423642          7150.184536158225
C145OH                       288.336800000000            17.090755386314          9244.643961150419
C732OOH                      176.167200000000            12.235616118766          6342.152241529497
T124NCATO                    262.193500000000            12.905697742435          6602.063880597187
DETLMUNO3                    275.255200000000            12.970580493187          6800.469803245153
PETLQOOH                     200.188600000000            12.240068647751          6406.780886855423
KLIMONIC                     188.177900000000            12.791058694753          6696.007856535622
DNT124LO                     291.191600000000            12.895067993742          6700.860654243818
C143OOH                      272.337400000000            14.067576408567          7530.895322367981
DNPETOLO2                    307.191000000000            12.940437050644          6696.139947132471
C58NO3CO2H                   195.127500000000            14.400768857167          7503.035054470188
C139OH                       242.311400000000            14.265926225340          7524.144135753410
NDNIPBZLO2                   352.188600000000            13.167798243632          6888.096755267195
NDNMXYOLO2                   338.162000000000            12.688933513844          6574.356732104789
HPNC524CO                    211.126900000000            15.502423596989          8216.067171043500
ENCATECOOH                   265.174200000000            17.943272432313          9607.372521122217
NDNOETOLO2                   352.188600000000            13.148583648909          6863.219545063096
DNT124LO2                    307.191000000000            12.509596291971          6442.024813218021
NDNIPBLOOH                   353.196500000000            18.029645821888          9743.287165214966
LIMALOOH                     218.246900000000            12.901746944211          6784.041627973770
C813OH                       190.193800000000            13.710134208908          7184.383878626003
PEBQOOH                      188.177900000000            12.304913378090          6469.084095096351
NDNT124OOH                   353.196500000000            17.668807005450          9532.181853226177
C128OH                       228.284800000000            12.234827912308          6387.521565410825
IPNCATECO2                   278.192900000000            13.152962566141          6737.597070194233
DNEBNZLOOH                   294.172400000000            17.681750033277          9511.753667387071
MXNNCATCO2                   309.163900000000            12.878207903857          6591.925962193995
C1211CO2H                    256.294900000000            14.661559541170          7838.153308368490
C135O                        285.269900000000            12.976681868775          6930.867740756931
HPC52CO3H                    198.128100000000            16.149921984397          8562.404092850396
C142OOH                      256.338000000000            12.600806363337          6641.030391245016
ENCATECO2                    264.166300000000            12.918099061285          6567.294003655282
C813NO3                      235.191300000000            14.040428851203          7410.045094393987
C122OOH                      232.316600000000            12.651723145858          6631.797594733107
C123OOH                      232.316600000000            12.651723145858          6631.797594733107
C132OH                       242.311400000000            12.191577031837          6386.778347542168
PNCATECOOH                   279.200800000000            18.538539926537          9961.082662756995
NMETOLOOH                    263.201400000000            12.931383067822          6690.331287142052
ENNCATECO2                   309.163900000000            13.148912302179          6762.824016330449
IPNCATCOOH                   279.200800000000            18.207257626736          9773.865784423684
INAHPCO2H                    211.126900000000            15.625630301899          8249.477568931941
BCLKAOOH                     270.321500000000            12.525110296780          6635.691103080773
INANCO2H                     240.125000000000            14.368919041344          7497.049892648539
C1212OOH                     260.283600000000            17.013190588691          9172.336403140471
C1310OH                      258.310800000000            16.115542887794          8649.427370968426
INB1NBCO2H                   240.125000000000            14.470464495888          7579.159833342643
C921OOH                      204.220300000000            13.701049537674          7231.836909267094
C734OOH                      192.166600000000            15.102132675080          8029.246215175169
NNCATECOOH                   282.118600000000            17.021155214713          9077.238251144405
MXNNCATOOH                   310.171800000000            17.658941305464          9460.329093008419
C1310OOH                     274.310200000000            17.557040364107          9496.364645168500
NDNCRESOOH                   325.143400000000            17.204084048917          9250.820650753343
NC524NO3                     242.140900000000            15.952578469824          8461.762176590868
NC102OOH                     261.228600000000            12.348960149804          6511.091679934270
NDNOXYLOOH                   339.170000000000            17.400291010692          9367.221685588271
DNPXYOLO                     277.165100000000            12.872035460259          6668.316077727011
PTNNCATCO2                   323.190400000000            13.174704606534          6783.533815921546
NDNEBNZLO                    322.162600000000            13.341452017396          6992.976490445130
C826OOH                      190.193800000000            12.511721203887          6507.707266339666
TM124MUOOH                   218.203900000000            13.045316293441          6832.412887742242
BZEMUCOOH                    176.124100000000            12.672916361264          6559.266402932541
METLMUCOOH                   218.203900000000            13.307971718386          6983.076551599820
C719OOH                      176.167200000000            12.669358325022          6561.191705017811
C730OOH                      178.183100000000            13.458609204511          7043.008622018971
PXNCATECO                    248.166900000000            12.869150806796          6558.240696961380
BCLKBOOH                     270.321500000000            12.826642439711          6817.124927267036
C152OH                       286.363900000000            13.450542620446          7109.276376788627
C59OOH                       150.129900000000            12.311058157645          6373.768225388545
PNCATECO2                    278.192900000000            13.401444554034          6878.993587772172
MNNCATCOOH                   296.145200000000            17.460688506934          9341.375052563644
NCATECOOH                    237.121100000000            16.928293650423          8997.494172992339
MMALNACO2H                   193.111600000000            12.738679769273          6521.452498142543
PETLMUCNO3                   247.202000000000            12.317713871312          6391.701054663083
C148OOH                      286.141600000000            13.039047438256          6902.831993535941
NDNIPBZLO                    336.189200000000            13.556447944862          7140.341073364157
INB1NACO3H                   256.124400000000            13.744246111256          7142.273379950513
BCALOH                       270.364500000000            13.216495167305          6993.317784206597
PXNNCATOOH                   310.171800000000            17.415115316396          9314.901015896603
C144OOH                      272.337400000000            14.152095270275          7557.060903913890
C145O                        287.328800000000            13.930087852018          7439.861664839203
INB2OOH                      197.143300000000            13.857627476835          7210.108976602899
C1313OOH                     258.310800000000            14.119174861688          7516.044223020041
T123NNCTO                    307.191000000000            13.551632175570          7061.767686929288
C128OOH                      244.284200000000            13.403633050293          7106.997767138964
ALC4DOLOOH                   150.129900000000            12.670736040251          6514.138312016901
C98OOH                       204.220300000000            12.028001575249          6287.371102868206
MVKOHAOOH                    136.103300000000            12.355614381834          6385.341234911789
PBZMUCNO3                    247.202000000000            12.611204390718          6574.290322550742
IPNCATECO                    262.193500000000            13.587306526192          7032.504263400341
PTNCATECO2                   278.192900000000            12.939094441354          6584.507357895329
C813OOH                      206.193200000000            15.336896809455          8178.233563920430
PBENZOLOOH                   218.203900000000            13.073894116488          6741.691493847292
DNPXYOLOOH                   294.172400000000            17.290822462826          9280.740251494708
NTM124QOOH                   245.186100000000            12.106443216912          6345.445404175312
INAHCO2H                     195.127500000000            14.023185986185          7246.387922080046
NDNPXYOLO                    322.162600000000            13.059789758732          6819.858691038762
C147OH                       270.321500000000            14.558191602383          7776.816595134409
OXNNCATOOH                   310.171800000000            17.415115316396          9314.901015896603
C526OOH                      166.129300000000            13.586349071837          7095.597507999174
INDOOH                       197.143300000000            13.975068390457          7303.462866232740
DNIPBNZLO                    291.191600000000            13.381436060347          7001.363823186236
PXNNCATCO2                   309.163900000000            12.707575503911          6483.630030445893
T123NCATO2                   278.192900000000            12.731870947423          6484.433508699625
OTNNCATCO2                   323.190400000000            13.174704606534          6783.533815921546
C825OOH                      190.193800000000            14.034584449038          7364.771616311376
MXYMUCOOH                    204.177300000000            12.813966380480          6677.078322110194
DNPETOLOOH                   308.199000000000            17.868013658279          9621.724762886866
T124NNCOOH                   324.198400000000            17.696488944842          9491.592062795709
INCNCO2H                     240.125000000000            14.128498008869          7349.317711610169
NPPRBQOOH                    245.186100000000            12.710012815433          6714.245138383015
C625OOH                      164.156500000000            12.806689948856          6677.836797516355
INANCOCO2H                   238.109100000000            12.843104267452          6668.705137437291
NDMEPLOOH                    277.228000000000            13.117908902332          6809.881851532537
INAHPPAN                     272.123800000000            13.316737108705          6943.048580885823
NDNT123LO2                   352.188600000000            12.913403344931          6729.882818536984
C57NO3CO2H                   195.127500000000            14.400768857167          7503.035054470188
METOLOOH                     218.203900000000            12.766343498700          6546.375557223281
DNPBNZLOOH                   308.199000000000            18.266240198578          9855.142870460306
C1215OOH                     260.283600000000            14.881115013622          7981.784183700929
C820OOH                      204.177300000000            12.865049249875          6794.617775095300
MTNCATCOOH                   279.200800000000            18.126976408165          9716.697995034467
T123NCTOOH                   279.200800000000            17.622162684665          9434.270909505110
PTNNCATCO                    307.191000000000            13.563358270707          7044.602170123897
NOETLQOOH                    245.186100000000            12.403924711671          6527.708048786019
C143OH                       256.338000000000            12.858453165665          6803.476837917498
C147CO                       268.305600000000            13.006396089454          6925.674281061315
C135OOH                      302.277200000000            17.790960130814          9679.440173659430
INB1OOH                      197.143300000000            13.975068390457          7303.462866232740
PNNCATCOOH                   324.198400000000            18.640782162986         10041.452830881886
C1215OH                      244.284200000000            13.598876283930          7211.801989719459
MXNCATECO                    248.166900000000            13.055522219883          6677.487871184572
INDHPPAN                     272.123800000000            13.390005574635          7006.857723171843
NDNEBNZLO2                   338.162000000000            12.955038861621          6739.269436602820
DNPETOLO                     291.191600000000            13.348795015255          6967.701743160014
C825OH                       174.194400000000            12.784169373039          6574.084990861454
C134OH                       272.294300000000            14.983528138808          8061.464141852714
OTNNCATCO                    307.191000000000            13.563358270707          7044.602170123897
PBZMUCOOH                    218.203900000000            13.643185412929          7189.343108619798
C537OOH                      182.042600000000            14.798018614846          7829.337670027662
MTNCATECO                    262.193500000000            13.544842243807          6990.385372755517
C1312OH                      242.311400000000            12.711030804234          6681.672858676222
C6TONOHOOH                   176.124100000000            12.575988147643          6580.783039932971
OETLQOOH                     200.188600000000            12.240068647751          6406.780886855423
C132OOH                      258.310800000000            13.596135646154          7240.396554340125
PPRBQOOH                     202.204500000000            12.811313263361          6775.143052297500
C137CO3H                     270.321500000000            12.631987168693          6647.143571962637
NDNT123LO                    336.189200000000            13.287073666470          6974.362256349257
C1211OH                      228.284800000000            12.832999298240          6744.227308670362
C1215CO                      242.268300000000            12.103344368955          6390.213670442949
INB1HPPAN                    272.123800000000            13.390005574635          7006.857723171843
BCKBOOH                      256.338000000000            12.246034065218          6429.957101330094
NTM135LOOH                   263.201400000000            12.644165402624          6509.767836096131
ENCATECO                     248.166900000000            13.351715689078          6865.852114951809
C7MO3OHOOH                   204.177300000000            12.825030079937          6712.990612065405
TM135MUOOH                   218.203900000000            12.982714251723          6781.698701847009
C8OHO2CO3H                   216.188000000000            12.564808229560          6543.325849059240
HPC52OOH                     166.129300000000            13.456000123082          6993.439398353883
IPBZMUCOOH                   218.203900000000            13.294311591022          6976.509988875150
C58NO3CO3H                   211.126900000000            13.612219960431          7019.919040797966
NC524OH                      197.143300000000            15.661628695088          8265.261327229076
INB1NAPAN                    301.122000000000            12.471484084778          6466.120547770087
HNMVKOOH                     181.100900000000            12.402016083785          6419.791953288875
INDHPCO3H                    227.126300000000            14.884621671135          7822.523334181302
TM123MUOOH                   218.203900000000            12.991036305314          6818.484275204685
C146OOH                      270.321500000000            12.525110296780          6635.691103080773
DNT123LO                     291.191600000000            12.895067993742          6700.860654243818
PTNCATCOOH                   279.200800000000            17.867476479810          9561.820114198674
C139OOH                      258.310800000000            15.820030062811          8465.062010777050
DNT123LO2                    307.191000000000            12.509596291971          6442.024813218021
NOETOLOOH                    263.201400000000            12.931383067822          6690.331287142052
NDNMETLOOH                   353.196500000000            17.975229119309          9704.459982854360
INB1NO3                      226.141500000000            12.835502073271          6612.464103501480
DNC524CO                     240.125000000000            14.228592506884          7456.024484051273
NDNMETOLO2                   352.188600000000            13.148583648909          6863.219545063096
C129OOH                      242.268300000000            12.038046010757          6311.068035147366
BCKAOOH                      256.338000000000            12.462090328734          6559.824325224684
NTM123LOOH                   263.201400000000            12.644165402624          6509.767836096131
NDNOXYOLO                    322.162600000000            13.059789758732          6819.858691038762
DNMXYOLO                     277.165100000000            12.872035460259          6668.316077727011
DNIPBZLOOH                   308.199000000000            17.934803125070          9668.982225035417
C1214OOH                     244.284200000000            13.442206699978          7118.857703213563
NDNOETOLO                    336.189200000000            13.532213895422          7113.376092198430
C118OOH                      246.257000000000            14.347029527417          7664.780421788736
C5MEJCO3H                    216.188000000000            12.259086822256          6352.263628543907
C1211CO3H                    272.294300000000            13.911663362706          7398.057176293660
DNPBNZLO2                    307.191000000000            13.218888944611          6869.562678637397
DMEBMUNO3                    261.228600000000            12.497043441277          6505.697983936092
C922OOH                      220.219700000000            15.231129031322          8158.678156329183
C1212OH                      244.284200000000            15.328171668504          8171.934754841606
C6EO2HCO3H                   216.188000000000            12.220924864120          6367.453409240593
NDNPBNZLO2                   352.188600000000            13.421997867596          7031.083030886736
C8O2OHCO3H                   216.188000000000            12.245798320749          6346.022363128483
C623OOH                      164.156500000000            12.981511288594          6746.367677519374
HIEB1OOH                     166.129300000000            15.616152725441          8269.613938077277
CHOOMCO2H                    105.069400000000            15.418531742067          8260.652108635388
OXNNCATCO                    293.164500000000            13.082815279350          6740.026356521303
NDNPXYLOOH                   339.170000000000            17.400291010692          9367.221685588271
PTNNCATOOH                   324.198400000000            17.997976826283          9662.373748953456
TL4ONO2OOH                   235.148300000000            14.589138153509          7665.301197238484
METLQOOH                     200.188600000000            12.240068647751          6406.780886855423
C728OOH                      178.183100000000            13.458609204511          7043.008622018971
IPNNCATCO                    307.191000000000            13.782808311603          7194.935841531102
INB1HPCO2H                   211.126900000000            15.763997873517          8351.176766080283
IPRBQOOH                     200.188600000000            12.226343868831          6400.189219859800
T124NNCTO2                   323.190400000000            12.945145576202          6652.483814699201
MNCATECOOH                   251.147700000000            17.359257447249          9257.474342241165
TM124NOOH                    249.174800000000            14.545841229326          7638.949797827429
C117OOH                      230.257600000000            12.949345333272          6818.219550947545
DNMETOLO                     291.191600000000            13.348795015255          6967.701743160014
NMETLQOOH                    245.186100000000            12.403924711671          6527.708048786019
MXNNCATCO                    293.164500000000            13.264165383562          6854.065499134412
IPBZMUCNO3                   247.202000000000            12.304097313991          6385.233177166749
ENNCATCOOH                   310.171800000000            18.045372539842          9689.714666417185
R_HOM_O9                     279.000000000000             7.447700000000          4946.878494981380
R_HOM_O10                    295.000000000000             8.445400000000          5690.514233732380
R_HOM_O11                    311.000000000000             7.440400000000          5670.081166981670
R_HOM_O12                    327.000000000000             8.438200000000          6413.716809292257
R_HOM_O13                    343.000000000000             7.433200000000          6393.283824468810
R_HOM_O14                    359.000000000000             9.979400000000          7317.856447586760
HOM_O7CBN                    246.000000000000             7.447700000000          4946.878494981380
HOM_O8CBN                    262.000000000000             6.442700000000          4926.445463187453
HOM_O9CBN                    278.000000000000             7.440400000000          5670.081166981670
HOM_O10CBN                   294.000000000000             6.435500000000          5649.648141097981
HOM_O11CBN                   310.000000000000             7.433200000000          6393.283824468810
HOM_O12CBN                   326.000000000000             6.428300000000          6372.850703233667
HOM_O13CBN                   342.000000000000             8.974400000000          7297.423348300933
HOM_O4                       200.000000000000             8.995500000000          5375.561240424234
HOM_O5                       216.000000000000             8.281500000000          5237.949558516840
HOM_O6                       232.000000000000             7.276500000000          5217.516592539412
HOM_O7                       248.000000000000             9.159400000000          5828.125841489222
HOM_O8                       264.000000000000             8.154400000000          5807.692798681090
HOM_O9                       280.000000000000             9.152200000000          6551.328543649268
HOM_O10                      296.000000000000             8.147200000000          6530.895461989532
HOM_O11                      312.000000000000             9.145000000000          7274.531107875014
HOM_O12                      328.000000000000             8.140000000000          7254.098068612533
HOM_O13                      344.000000000000            10.686200000000          8178.670685174244
HOM_O14                      360.000000000000             9.972200000000          8041.059008730548
HOM_NO7                      261.000000000000             9.422900000000          5576.389834793348
HOM_NO8                      277.000000000000             7.874500000000          5395.452841491134
HOM_NO9                      293.000000000000             8.907300000000          5754.279990315708
HOM_NO10                     309.000000000000             7.902400000000          5733.846950244937
HOM_NO11                     325.000000000000             8.900100000000          6477.482654549956
HOM_NO12                     341.000000000000             7.895100000000          6457.049563148398
HOM_NO13                     357.000000000000             8.892900000000          7200.685213304158
HOM_NO14                     373.000000000000             7.887900000000          7180.252167454631
HOM_NO15                     389.000000000000            10.434100000000          8104.824873757167
HOM20_O5                     350.000000000000            11.529500000000          6866.828990500528
HOM20_O6                     366.000000000000            10.326200000000          6530.894084432420
HOM20_O7                     382.000000000000             9.519600000000          6825.962901885381
HOM20_O8                     398.000000000000             8.805600000000          6688.351203514801
HOM20_O9                     414.000000000000            11.060800000000          7730.102502500322
HOM20_O10                    430.000000000000            10.346800000000          7592.490793900310
HOM20_O11                    446.000000000000            11.053600000000          8453.305076263192
HOM20_O12                    462.000000000000            10.339600000000          8315.693427042817
HOM20_O13                    478.000000000000            11.046300000000          9176.507666635007
HOM20_O14                    494.000000000000            10.332300000000          9038.896065765819
HOM20_O15                    510.000000000000            11.582600000000         10060.214241247004
HOM20_O16                    526.000000000000            11.873500000000          9943.035651621762
HOM20_O17                    542.000000000000            12.580300000000         10803.849939180098
HOM20_NO7                    397.000000000000            11.277400000000          6792.983081151509
HOM20_NO8                    413.000000000000            10.272400000000          6772.549983116891
HOM20_NO9                    429.000000000000            11.270200000000          7516.185702734299
HOM20_NO10                   445.000000000000            11.977000000000          8376.999985519782
HOM20_NO11                   461.000000000000            11.298000000000          7854.579847911561
HOM20_NO12                   477.000000000000            12.004800000000          8715.394106810547
HOM20_NO13                   493.000000000000            11.290800000000          8577.782424045932
HOM20_NO14                   509.000000000000            11.997600000000          9438.596762236768
HOM20_NO15                   525.000000000000            11.283600000000          9300.985076879730
HOM20_NO16                   541.000000000000            11.827100000000          9461.488975185068
HOM20_NO17                   557.000000000000            12.824800000000         10205.124648774896
HOM20_NO18                   573.000000000000            11.819845262832         10184.691610000003
HOM19_O5                     336.000000000000            11.111141834271          6615.139161000002
HOM19_O6                     352.000000000000             9.907791708903          6279.204282000000
HOM19_O7                     368.000000000000             9.101206675543          6574.273067999999
HOM19_O8                     384.000000000000             8.387210622699          6436.661387999998
HOM19_O9                     400.000000000000            10.642416977297          7478.412658999998
HOM19_O10                    416.000000000000             9.928420938730          7340.800985000000
HOM19_O11                    432.000000000000            10.635195160657          8201.615312999997
HOM19_O12                    448.000000000000             9.921199227026          8064.003667999999
HOM19_O13                    464.000000000000            10.627973390332          8924.817983000006
HOM19_O14                    480.000000000000             9.913977301525          8787.206291000002
HOM19_O15                    496.000000000000            11.164215896100          9808.524464999997
HOM19_O16                    512.000000000000            11.455187648744          9691.345898999993
HOM19_O17                    528.000000000000            12.161961789254         10552.160200000006
HOM19_O18                    544.000000000000            11.483038782566         10029.739970000002
HOM19_NO8                    399.000000000000             9.854088589470          6520.860315000002
HOM19_NO9                    415.000000000000            10.851834140623          7264.495953000004
HOM19_NO10                   431.000000000000            11.558608023365          8125.310192000000
HOM19_NO11                   447.000000000000            10.879685534204          7602.890105999997
HOM19_NO12                   463.000000000000            11.586459340429          8463.704318000006
HOM19_NO13                   479.000000000000            10.872463582217          8326.092721000001
HOM19_NO14                   495.000000000000            11.579237547128          9186.906973000001
HOM19_NO15                   511.000000000000            10.865241537561          9049.295310000001
HOM19_NO16                   527.000000000000            11.408706053004          9209.799196999997
HOM19_NO17                   543.000000000000            12.406451756060          9953.434875999999
HOM19_NO18                   559.000000000000            11.401484391823          9933.001887999999
HOM18_O5                     322.000000000000            10.692781030147          6363.449463999997
HOM18_O6                     338.000000000000             9.489430555029          6027.514486000001
HOM18_O7                     354.000000000000             8.682845663631          6322.583321999998
HOM18_O8                     370.000000000000             7.968849585146          6184.971624999999
HOM18_O9                     386.000000000000            10.224056083051          7226.722938000001
HOM18_O10                    402.000000000000             9.510060074961          7089.111273999998
HOM18_O11                    418.000000000000            10.216834100021          7949.925546999999
HOM18_O12                    434.000000000000             9.502837949447          7812.313834000000
HOM18_O13                    450.000000000000            10.209612113375          8673.128155999997
HOM18_O14                    466.000000000000             9.495616059625          8535.516466999996
HOM18_O15                    482.000000000000            10.745854837618          9556.834698999999
HOM18_O16                    498.000000000000            11.036826654151          9439.656143000007
HOM18_O17                    514.000000000000            11.743600702498         10300.470430000001
HOM18_O18                    530.000000000000            11.064677757003          9778.050209999998
HOM18_NO9                    401.000000000000            10.433472955111          7012.806156000003
HOM18_NO10                   417.000000000000            11.140247340462          7873.620527999997
HOM18_NO11                   433.000000000000            10.461324277670          7351.200279999998
HOM18_NO12                   449.000000000000            11.168098416269          8212.014585999999
HOM18_NO13                   465.000000000000            10.454102443462          8074.402940999999
HOM18_NO14                   481.000000000000            11.160876584283          8935.217239999998
HOM18_NO15                   497.000000000000            10.446880432589          8797.605530000001
HOM18_NO16                   513.000000000000            10.990345051969          8958.109446999999
HOM18_NO17                   529.000000000000            11.988090787699          9701.745136000005
HOM18_NO18                   545.000000000000            10.983123271250          9681.312107999995
HOM18_NO19                   561.000000000000            11.980868781626         10424.947730000005
R_HOM_OH_O6                  233.000000000000             9.678300000000          5637.296609034431
R_HOM_OH_O8                  265.000000000000             7.885400000000          5220.698708371651
R_HOM_OH_O9                  281.000000000000             7.171400000000          5083.087071016971
R_HOM_OH_O10                 297.000000000000             7.878200000000          5943.901299290477
HOM_OH_O5CBN                 216.000000000000             8.673300000000          5616.863495242183
HOM_OH_O7CBN                 248.000000000000             6.880400000000          5200.265671715771
HOM_OH_O8CBN                 264.000000000000             6.166400000000          5062.653994115302
HOM_OH_O9CBN                 280.000000000000             6.873200000000          5923.468267152740
HOM_OH_O4                    202.000000000000             9.388400000000          5583.298432707729
HOM_OH_O5                    218.000000000000            10.385000000000          6498.110924830324
HOM_OH_O6                    234.000000000000             7.885400000000          5220.698708371651
HOM_OH_O7                    250.000000000000             8.592200000000          6081.513024673879
HOM_OH_O8                    266.000000000000             7.878200000000          5943.901299290477
HOM_OH_O9                    282.000000000000             6.874300000000          5752.291487092441
HOM_OH_O10                   298.000000000000             7.581100000000          6613.105809404993
HOM_OH_NO6                   247.000000000000             9.426200000000          5563.450659825249
HOM_OH_NO7                   263.000000000000            10.133000000000          6424.264975792520
HOM_OH_NO8                   279.000000000000             7.633300000000          5146.852915402640
HOM_OH_NO9                   295.000000000000             8.340100000000          6007.667093210470
HOM_OH_NO10                  311.000000000000             7.626100000000          5870.055494914420
HOM_OH_NO11                  327.000000000000             8.332800000000          6730.869731572422
HOM20_OH_O6                  370.000000000000            10.067400000000          6802.350920462139
HOM20_OH_O7                  386.000000000000             9.352300000000          6835.915983981291
HOM20_OH_O8                  402.000000000000             8.564400000000          6439.751255664892
HOM20_OH_O9                  418.000000000000             9.271100000000          7300.565495321953
HOM20_OH_O10                 434.000000000000             8.557100000000          7162.953778591419
HOM20_OH_O11                 450.000000000000             9.263900000000          8023.768133039179
HOM20_OH_O12                 466.000000000000             9.970700000000          8884.582391188320
HOM20_OH_O13                 482.000000000000             9.256700000000          8746.970740126999
HOM20_OH_NO8                 417.000000000000            10.105200000000          6782.503160202639
HOM20_OH_NO9                 433.000000000000            10.811900000000          7643.317481560642
HOM20_OH_NO10                449.000000000000             9.019100000000          7226.719618990120
HOM20_OH_NO11                465.000000000000             9.019100000000          7226.719618990120
HOM20_OH_NO12                481.000000000000             9.725800000000          8087.533942700381
HOM20_OH_NO13                497.000000000000             9.011800000000          7949.922245757201
HOM20_OH_NO14                513.000000000000             9.718605110928          8810.736526000002
HOM19_OH_O6                  356.000000000000             9.649060031138          6550.661133000001
HOM19_OH_O7                  372.000000000000             8.933921563969          6584.226199000002
HOM19_OH_O8                  388.000000000000             8.146003533586          6188.061368000000
HOM19_OH_O9                  404.000000000000             8.852777808888          7048.875717000001
HOM19_OH_O10                 420.000000000000             8.138781856227          6911.264059000000
HOM19_OH_O11                 436.000000000000             8.845555747084          7772.078295000004
HOM19_OH_O12                 452.000000000000             9.552329881749          8632.892600999996
HOM19_OH_O13                 468.000000000000             8.838333897842          8495.280935999997
HOM19_OH_O14                 484.000000000000             9.545108025643          9356.095241999998
HOM19_OH_NO9                 419.000000000000            10.393577625227          7391.627755000000
HOM19_OH_NO10                435.000000000000             9.388609849218          7371.194649000000
HOM19_OH_NO11                451.000000000000             8.600692158131          6975.029915000000
HOM19_OH_NO12                467.000000000000             9.307466088432          7835.844161999997
HOM19_OH_NO13                483.000000000000             8.593470181772          7698.232529999998
HOM19_OH_NO14                499.000000000000             9.300243739625          8559.046665000000
HOM18_OH_O5                  326.000000000000            10.235666582074          6319.404420000001
HOM18_OH_O6                  342.000000000000             9.230698832104          6298.971319000000
HOM18_OH_O7                  358.000000000000             8.515560697155          6332.536490000002
HOM18_OH_O8                  374.000000000000             7.727642764127          5936.371689000002
HOM18_OH_O9                  390.000000000000             8.434416507527          6797.185877999998
HOM18_OH_O10                 406.000000000000             7.720420784948          6659.574292000000
HOM18_OH_O11                 422.000000000000             8.427194843108          7520.388576000001
HOM18_OH_O12                 438.000000000000             9.133968844380          8381.202842999997
HOM18_OH_O13                 454.000000000000             8.419972866139          8243.591183000000
HOM18_OH_O14                 470.000000000000             9.126747200747          9104.405543999999
HOM18_OH_NO10                421.000000000000             8.970248616405          7119.504833000000
HOM18_OH_NO11                437.000000000000             8.182330869012          6723.340087999999
HOM18_OH_NO12                453.000000000000             8.889105076418          7584.154412999996
HOM18_OH_NO13                469.000000000000             8.175108840174          7446.542681999997
HOM18_OH_NO14                485.000000000000             8.881882926799          8307.356970999996
HOM18_OH_NO15                501.000000000000             8.167887004019          8169.745320000001
HOM_nucl                     398.000000000000            10.000000000000         10000.000000000000
GENERIC                      437.000000000000            10.000000000000         10000.000000000000
