215.20			9.22			4448.41
254.32			12.26			6313.73
146.14			8.87			4205.19
228.29			12.73			6515.74
254.32			10.28			5143.20
156.18			9.33			4438.16
271.33			10.21			5109.30
254.37			12.59			6481.67
252.31			10.52			5352.98
158.15			9.51			4595.87
202.25			9.63			4656.31
148.11			9.96			4785.11
270.28			14.01			7340.26
199.20			8.52			4053.29
256.34			13.42			6948.05
147.15			9.41			4413.92
219.15			8.78			4191.31
243.28			9.66			4725.92
148.11			11.35			5715.28
269.31			9.29			4582.16
191.10			8.60			4026.78
186.25			10.29			5035.75
231.20			10.71			5352.89
224.30			10.86			5440.33
179.13			11.63			5714.63
286.36			15.36			8041.28
218.25			10.63			5285.79
133.12			8.76			4059.05
254.32			9.30			4598.81
174.19			10.26			5040.16
166.13			14.14			7238.22
184.23			9.32			4492.88
146.14			10.28			4971.21
231.20			10.71			5352.89
176.17			12.16			6147.62
118.13			9.08			4208.48
118.13			9.15			4290.83
118.13			8.89			4085.68
186.25			10.62			5235.63
120.10			10.11			4840.24
184.23			8.17			3893.94
290.23			9.95			4949.14
179.13			11.33			5500.06
188.22			11.46			5771.82
215.20			9.23			4538.61
144.13			9.67			4630.58
142.11			8.40			3949.58
161.18			9.83			4693.61
170.21			8.96			4330.68
184.23			9.56			4662.65
160.17			9.68			4699.24
144.13			9.94			4815.13
136.10			10.87			5316.67
136.04			10.69			5281.99
224.13			11.80			5865.12
224.13			11.80			5865.12
213.14			18.27			9560.79
302.28			18.76			9929.92
256.30			15.34			8013.84
158.15			9.63			4617.20
197.14			14.55			7450.65
220.22			15.95			8343.68
187.21			10.08			4921.49
118.09			10.22			5046.69
132.12			10.50			5092.05
188.18			13.32			6831.87
285.27			13.58			7085.39
188.22			11.08			5546.71
188.18			10.40			5209.69
184.19			10.44			5214.41
226.27			11.78			5988.36
173.19			9.25			4396.82
209.11			12.50			6218.66
203.21			8.48			3994.86
226.14			13.00			6520.66
207.10			10.63			5269.79
182.22			8.73			4193.37
200.23			10.52			5243.16
235.19			9.15			4253.03
226.14			13.23			6660.58
245.23			9.31			4549.56
170.25			9.30			4401.96
174.15			10.18			5081.29
132.16			9.42			4463.11
144.13			9.67			4630.58
146.14			10.33			5078.28
190.15			11.80			5926.58
172.22			8.99			4328.09
170.21			8.67			4152.04
174.19			11.82			5900.30
172.18			9.36			4588.81
149.10			9.12			4197.27
214.26			10.41			5111.35
134.13			11.95			5965.11
174.19			9.64			4690.14
163.09			10.28			4931.16
271.31			8.86			4145.02
244.28			14.20			7366.75
215.25			9.68			4674.88
198.26			10.03			4953.00
172.22			10.22			4995.43
285.34			8.55			4036.61
261.23			11.00			5530.69
184.19			8.89			4334.20
186.21			9.99			4897.99
188.18			11.09			5567.49
241.30			10.41			5208.12
190.19			14.44			7412.19
167.07			9.67			4603.66
134.09			9.39			4306.85
219.21			10.89			5404.79
130.10			8.90			4231.05
259.28			10.81			5419.29
188.22			11.19			5593.87
216.23			11.52			5851.58
203.21			8.35			3917.72
188.18			9.98			4868.29
186.21			9.99			4897.99
163.09			10.30			5003.03
251.34			8.62			4194.89
76.05			9.22			4210.47
148.11			11.17			5539.08
219.15			8.81			4231.11
195.13			14.45			7361.51
204.22			12.52			6414.20
303.31			10.66			5145.46
118.13			10.56			5089.65
271.31			8.54			3966.72
178.14			14.92			7754.50
188.22			10.97			5464.34
195.13			14.57			7386.41
172.22			8.84			4246.93
106.08			9.99			4762.48
146.14			9.24			4414.59
274.31			15.80			8301.40
146.10			8.94			4188.15
179.13			11.63			5714.63
287.31			9.73			4702.33
193.11			13.22			6643.55
163.13			9.25			4401.98
162.14			11.67			5845.77
200.19			12.01			6100.49
273.28			9.14			4361.40
259.26			8.81			4122.29
272.12			13.94			7148.81
207.10			8.94			4180.49
256.34			13.14			6779.66
250.33			10.14			5106.06
122.08			11.16			5370.64
302.36			15.59			8156.66
156.14			8.26			3930.02
228.29			13.37			6883.29
160.13			10.74			5317.52
235.19			14.65			7565.69
160.17			9.73			4612.73
188.22			11.18			5601.09
174.15			10.60			5281.82
244.22			8.24			3867.18
149.10			8.76			4052.48
90.08			9.59			4464.85
149.12			9.88			4677.27
230.26			9.89			4805.15
144.17			8.57			3975.84
116.12			9.92			4712.46
286.36			17.48			9182.36
190.19			12.26			6250.15
301.36			13.72			7076.10
160.17			9.31			4484.48
162.14			11.67			5845.77
271.29			12.40			6410.62
198.26			9.88			4871.55
174.15			9.18			4381.98
229.25			10.71			5373.11
158.15			9.56			4655.33
216.23			11.79			5947.03
170.25			9.75			4714.34
202.20			10.09			4989.44
179.09			9.72			4594.76
118.09			9.99			4679.08
186.21			11.92			6024.92
148.11			11.30			5727.00
174.15			10.89			5415.74
165.10			8.86			4022.54
238.32			10.30			5190.44
174.19			10.10			4944.41
170.25			9.23			4341.70
257.30			9.83			4859.19
189.19			9.99			4722.67
158.15			10.01			4918.44
245.19			9.67			4774.36
180.14			10.28			4875.76
128.17			8.84			4056.70
165.10			11.62			5766.20
269.31			8.83			4117.09
174.19			10.83			5381.56
232.12			8.99			4321.67
205.12			8.97			4278.28
214.26			9.50			4641.08
174.19			13.27			6699.01
116.12			9.92			4712.46
272.29			15.71			8249.52
241.30			10.68			5342.17
196.29			9.13			4407.93
182.22			8.21			3907.68
242.31			12.70			6516.75
224.30			10.86			5440.33
173.19			8.51			4026.07
226.27			8.94			4334.92
186.25			10.20			4971.97
144.17			10.33			4978.80
233.13			10.21			5073.73
161.13			10.34			5081.45
182.22			8.59			4115.15
200.23			10.46			5118.87
202.20			11.27			5693.20
225.30			9.27			4489.93
197.14			14.41			7352.96
134.09			11.10			5569.72
199.20			8.52			4053.29
174.19			11.64			5801.05
160.13			9.11			4306.30
158.15			9.72			4703.33
195.13			12.73			6381.72
224.13			11.73			5798.11
225.30			9.64			4696.76
173.19			8.52			4030.96
216.19			11.33			5703.93
186.25			8.39			3907.29
156.18			9.18			4355.50
165.10			8.72			4011.95
186.21			9.07			4312.94
178.18			14.01			7185.71
182.04			15.45			7995.68
106.08			8.93			4035.71
238.32			9.60			4796.14
149.12			9.88			4677.27
257.30			11.62			5796.06
132.12			9.29			4322.77
244.28			14.59			7581.54
134.13			10.29			4962.96
180.14			10.28			4875.76
186.21			10.51			5242.83
302.36			13.42			6932.03
144.13			8.92			4325.05
148.16			11.74			5851.27
228.29			11.32			5740.39
136.10			13.48			6848.06
132.12			9.29			4322.77
146.10			9.49			4557.67
197.14			16.34			8438.83
212.14			12.59			6235.85
186.21			10.26			5042.84
211.13			16.30			8423.02
163.15			8.88			4097.62
130.10			8.90			4231.05
244.22			9.18			4505.30
186.21			11.74			5924.48
193.11			9.29			4410.19
148.11			11.45			5634.01
270.32			13.08			6777.57
271.29			9.49			4537.22
331.36			11.08			5555.89
136.10			13.33			6821.35
276.28			19.74			10433.58
134.09			9.39			4306.85
216.23			11.52			5851.58
240.13			14.95			7647.18
174.15			9.45			4586.63
195.08			11.44			5680.39
134.13			11.76			5846.56
162.10			9.11			4227.05
231.25			10.93			5467.04
118.13			9.07			4297.20
179.09			8.88			4140.65
174.19			12.85			6451.92
184.19			9.93			4885.86
116.12			9.12			4346.93
242.31			13.25			6819.59
283.36			8.27			3883.63
258.31			16.89			8847.96
176.12			13.10			6714.09
228.22			8.48			4037.73
240.13			15.07			7733.27
273.30			12.94			6611.46
240.30			10.29			5110.27
170.21			8.96			4330.68
257.30			10.08			4988.69
166.13			16.46			8585.82
180.11			13.65			6891.67
254.32			13.88			7187.99
204.22			14.29			7383.82
201.13			9.51			4696.10
253.31			9.57			4769.19
108.09			11.47			5645.93
226.12			9.76			4414.30
203.21			8.81			4141.57
186.25			11.00			5496.59
191.14			10.61			5264.06
245.23			9.02			4356.77
146.14			9.32			4336.24
134.13			10.10			4927.83
134.09			9.43			4414.31
186.21			8.78			4173.19
186.25			10.58			5224.62
194.27			8.33			3986.39
158.20			10.61			5169.71
227.13			15.38			7889.45
142.11			8.40			3949.58
258.31			14.54			7571.37
254.32			11.91			6088.46
233.13			13.07			6738.55
172.18			9.62			4756.06
174.15			12.51			6344.98
269.31			9.07			4448.01
162.14			11.45			5747.37
274.31			18.45			9727.11
213.23			8.70			4189.25
165.10			12.08			5976.03
270.32			9.96			4928.63
256.12			14.20			7206.52
235.15			11.22			5612.19
146.10			9.65			4552.20
92.09			8.79			4040.36
271.33			10.32			5138.32
146.14			10.33			5078.28
160.17			11.57			5781.99
180.14			10.35			4947.09
294.13			12.56			6419.18
224.13			11.52			5672.49
301.12			12.90			6538.20
258.31			14.21			7399.26
165.12			10.95			5218.10
184.19			9.88			4904.04
256.12			14.29			7283.12
249.13			13.16			6733.12
134.13			10.09			4923.02
231.20			8.37			3982.23
186.21			10.27			5101.82
270.32			13.17			6784.97
175.12			8.78			4100.98
288.29			17.22			9090.96
158.15			9.72			4703.33
175.16			11.13			5491.15
172.18			11.66			5843.83
243.28			11.18			5657.29
242.14			16.66			8643.74
261.23			12.88			6647.27
237.36			8.97			4376.16
223.18			9.72			4528.46
146.10			9.91			4856.24
269.14			9.99			4959.27
130.14			9.90			4697.68
118.13			8.94			4116.03
150.09			12.53			6272.69
260.28			18.06			9504.43
164.11			15.09			7806.89
209.15			9.32			4252.32
241.30			12.03			6063.75
158.20			8.96			4240.02
170.16			9.16			4441.78
165.10			12.01			6022.69
275.28			13.84			7130.83
156.18			8.85			4199.02
256.30			12.79			6645.88
302.36			19.38			10235.95
178.12			9.06			4150.94
213.25			9.60			4683.85
223.18			9.72			4528.46
200.23			9.33			4517.20
204.18			13.42			6937.80
188.14			10.37			5162.43
197.14			14.41			7352.96
175.16			8.92			4086.24
227.28			9.98			4940.17
132.12			9.86			4854.62
243.28			10.08			4952.57
181.14			12.95			6480.78
253.31			9.34			4627.72
196.14			9.98			4681.34
162.10			11.18			5449.70
168.19			8.87			4270.81
160.17			11.65			5756.42
158.15			9.51			4595.87
168.23			8.40			3927.03
149.12			11.42			5653.44
304.34			19.95			10558.47
242.27			12.63			6524.67
186.21			9.93			4871.02
193.11			8.94			4190.99
149.12			11.45			5572.46
227.13			15.51			7983.83
200.23			10.27			5089.50
162.14			10.42			5080.92
118.13			9.00			4221.33
190.19			13.01			6636.48
144.13			9.05			4297.54
272.12			13.94			7148.81
202.20			11.58			5876.41
134.13			11.29			5465.82
254.11			11.43			5670.19
256.34			12.76			6562.04
182.04			15.45			7995.68
174.15			9.18			4381.98
227.28			10.02			4951.67
162.14			11.55			5827.76
315.36			9.99			4886.63
237.36			8.46			4030.50
78.07			8.69			3992.95
231.25			10.65			5288.70
161.11			8.97			4226.54
174.15			10.60			5281.82
200.23			12.48			6349.22
222.11			8.63			4055.26
165.12			9.49			4392.21
174.19			11.57			5755.58
252.31			10.52			5352.98
187.21			8.74			4187.56
176.17			13.17			6688.97
134.13			8.88			4057.90
203.17			9.07			4359.87
255.12			9.24			4146.58
178.18			14.01			7185.71
189.19			8.90			4152.49
202.20			9.72			4776.04
104.11			8.77			4074.05
172.18			8.81			4129.65
132.12			10.20			5034.85
250.33			9.70			4865.99
256.30			15.12			7903.50
247.25			8.71			4044.32
192.17			15.78			8203.93
210.31			9.53			4663.74
260.22			8.92			4326.71
206.32			7.82			3755.84
166.13			13.99			7131.42
201.24			9.52			4620.86
231.25			10.65			5288.70
254.32			9.30			4598.81
240.34			11.61			5877.48
193.11			11.40			5794.46
217.24			9.21			4405.52
301.36			11.05			5550.43
285.34			8.65			4091.68
144.17			9.83			4713.48
301.34			9.36			4551.91
134.13			11.29			5465.82
170.21			9.48			4562.25
270.32			13.40			6965.18
286.36			14.04			7259.62
270.32			12.01			6139.84
202.25			11.97			6037.85
238.11			13.35			6799.83
184.23			9.41			4534.05
202.25			9.29			4492.81
261.19			10.60			5324.72
176.17			12.50			6306.63
195.13			12.83			6465.74
301.12			12.96			6592.57
160.17			11.01			5394.44
301.12			12.69			6413.32
159.16			8.73			4034.37
255.33			8.99			4351.42
118.09			8.63			4011.48
149.12			11.23			5431.64
181.14			13.20			6632.05
244.28			16.03			8352.31
150.13			12.79			6497.77
210.27			9.26			4548.15
156.18			9.33			4438.16
199.20			8.54			4074.01
269.36			11.10			5626.55
256.12			12.72			6411.08
237.36			8.62			4124.27
236.35			8.85			4346.87
196.14			9.98			4681.34
186.25			9.14			4425.88
208.30			8.68			4209.95
268.13			11.32			5763.21
301.12			12.96			6592.57
148.16			11.95			5925.33
315.36			10.17			5018.04
163.15			9.05			4147.92
174.19			9.47			4632.89
303.31			10.37			5149.92
132.12			9.27			4312.18
200.23			9.19			4436.76
173.19			10.24			4917.83
227.13			15.51			7983.83
193.11			13.22			6643.55
164.16			13.33			6811.24
186.21			8.97			4254.73
289.28			10.21			5011.49
226.27			11.26			5732.07
238.37			10.79			5372.10
252.35			8.59			4168.41
156.18			8.38			3963.84
256.12			12.43			6217.40
215.20			9.26			4501.70
119.10			9.02			4220.84
161.11			9.84			4695.76
158.15			9.72			4739.68
132.12			10.30			4988.78
135.08			8.95			4079.05
200.23			10.21			5055.83
253.36			8.38			3957.45
253.31			9.34			4627.72
254.11			11.43			5670.19
260.28			17.86			9389.48
255.33			10.65			5356.18
172.18			11.22			5609.00
180.14			10.35			4947.09
184.19			9.39			4598.06
247.20			10.83			5371.44
253.36			8.71			4194.48
180.11			13.65			6891.67
286.32			16.66			8761.14
254.32			12.45			6409.57
286.14			13.61			7049.90
238.37			11.27			5689.72
170.21			8.77			4230.07
146.14			9.07			4384.21
118.13			9.31			4387.79
268.35			10.90			5512.64
165.10			8.72			4011.95
240.34			10.56			5325.81
285.36			10.75			5403.64
256.12			14.29			7283.12
148.11			9.70			4530.17
270.32			12.01			6139.84
200.23			10.52			5246.69
267.34			8.39			4032.50
179.13			11.32			5582.63
267.34			8.39			4032.50
106.12			8.91			4113.23
252.35			11.00			5552.91
148.11			11.50			5743.47
181.04			10.42			4983.82
270.32			13.08			6777.57
170.21			8.96			4243.78
252.35			11.00			5552.91
188.22			11.47			5776.08
270.37			13.80			7141.97
200.23			10.74			5391.72
254.32			9.30			4598.81
174.11			10.26			5042.29
243.28			9.71			4737.62
116.12			9.90			4701.05
184.23			9.10			4352.93
303.33			14.07			7304.40
161.18			9.83			4693.61
189.19			9.87			4650.30
258.31			16.56			8655.79
189.19			11.37			5657.68
179.11			9.34			4230.42
158.15			10.10			4924.50
252.31			10.52			5352.98
188.18			10.62			5247.44
120.10			11.87			5852.67
146.14			10.62			5267.63
172.18			10.17			4989.23
242.31			13.54			6963.76
228.29			12.54			6388.74
219.11			9.91			4859.95
255.33			9.10			4411.91
272.34			14.81			7725.34
241.26			8.70			4174.55
254.32			11.91			6088.46
227.28			8.62			4049.26
287.33			14.57			7605.70
242.31			12.98			6655.91
134.09			8.60			3965.68
162.14			9.89			4712.31
180.14			10.09			4756.85
212.29			11.15			5546.44
285.36			11.39			5770.62
198.13			16.86			8746.13
226.31			10.45			5220.47
226.27			11.41			5759.65
269.31			9.07			4448.01
240.34			11.75			5954.05
174.19			11.26			5588.24
270.32			11.80			6040.83
258.31			14.76			7680.63
119.10			8.72			3998.17
173.19			8.52			4030.96
301.34			9.67			4743.37
195.13			12.83			6465.74
202.20			11.56			5841.65
224.08			9.56			4557.79
186.25			10.86			5414.50
160.13			10.40			5161.56
331.36			10.47			5167.65
252.35			11.49			5850.92
209.11			12.50			6218.66
244.28			14.00			7259.56
163.11			9.67			4478.50
215.25			9.50			4567.89
256.12			12.72			6411.08
147.15			9.21			4347.07
118.13			9.46			4417.78
149.10			9.20			4275.98
132.12			10.13			4778.18
189.17			8.63			4073.18
203.19			9.60			4668.62
216.23			10.17			5054.77
186.21			9.97			4976.51
200.23			10.69			5337.95
192.13			8.65			4009.63
146.10			8.55			4010.70
165.10			8.86			4022.54
215.25			9.80			4745.34
132.12			8.81			4132.94
176.17			14.30			7331.30
142.15			8.77			4154.66
251.34			8.83			4325.92
226.12			9.80			4472.53
172.22			9.89			4796.31
162.18			12.43			6225.96
120.10			11.93			5975.73
106.08			9.62			4499.94
200.23			10.27			5089.50
287.31			9.54			4569.07
136.10			12.84			6508.77
240.13			15.07			7733.27
200.23			10.41			5168.44
193.11			8.78			4087.65
299.11			12.31			6214.61
226.14			13.33			6738.89
227.28			10.42			5179.26
191.16			10.70			5194.17
116.07			8.65			4063.78
170.25			9.43			4472.71
230.26			13.65			7046.10
187.21			8.60			4105.52
212.29			10.03			4955.75
190.19			12.27			6256.50
226.27			8.94			4334.92
240.13			14.82			7607.93
258.27			16.21			8516.93
285.36			14.21			7374.21
128.13			8.87			4139.15
222.32			8.47			4106.35
158.20			10.17			4894.57
188.22			11.33			5686.79
177.11			9.31			4374.05
258.31			14.40			7502.90
245.25			10.36			5140.88
179.13			11.63			5796.30
286.36			12.07			6133.49
245.23			10.66			5358.07
228.29			12.49			6361.41
163.11			9.67			4478.50
177.18			9.46			4425.38
172.22			10.13			4952.13
150.13			12.52			6250.45
202.20			11.28			5646.01
219.21			10.89			5404.79
242.27			12.54			6439.89
256.34			12.99			6696.02
253.31			9.34			4627.72
166.13			16.30			8446.05
186.21			9.72			4830.51
268.31			13.60			7077.56
301.36			9.45			4624.77
179.09			9.66			4606.74
201.22			8.42			3980.00
120.10			9.56			4458.62
150.13			12.78			6407.87
226.12			9.80			4472.53
214.26			10.86			5459.19
184.23			9.86			4828.24
204.22			12.92			6614.55
130.14			9.58			4635.37
134.13			9.52			4531.94
188.22			11.12			5575.23
174.15			12.61			6422.91
165.12			10.92			5302.14
245.23			11.67			5924.76
170.21			8.96			4330.68
163.13			9.38			4419.97
166.13			15.98			8255.83
174.19			9.72			4792.54
206.19			16.04			8358.95
226.31			10.42			5249.26
236.35			9.51			4713.19
184.19			8.54			4135.38
233.22			11.53			5841.45
196.14			9.93			4616.30
250.33			9.70			4865.99
273.30			10.97			5547.99
134.13			10.10			4927.83
229.25			9.30			4475.18
118.13			9.00			4221.33
184.23			9.71			4742.45
158.20			9.10			4294.26
102.09			9.74			4588.99
170.25			9.75			4714.34
106.08			12.03			5917.41
158.20			8.31			3893.51
202.20			11.12			5552.07
301.27			13.13			6815.37
202.14			8.38			3961.69
165.12			9.43			4322.25
119.10			9.25			4261.45
224.25			10.07			5048.46
159.12			9.08			4322.79
120.10			9.53			4547.45
214.26			12.04			6087.53
163.13			10.65			5166.92
270.32			9.96			4928.63
269.31			12.07			6177.51
254.37			11.84			6013.45
270.32			13.08			6777.57
268.35			12.37			6371.93
196.14			13.13			6594.78
245.23			10.66			5358.07
170.25			9.62			4640.20
151.12			8.78			4008.33
120.10			9.88			4792.33
239.33			9.25			4534.78
225.26			8.98			4365.86
187.17			9.36			4567.51
159.16			9.22			4315.50
170.21			9.02			4309.77
254.37			12.05			6138.24
174.15			9.62			4640.05
299.36			8.73			4154.49
158.20			8.70			4068.04
165.04			10.87			5294.99
197.12			10.40			4787.25
148.11			11.17			5539.08
144.13			9.08			4422.08
146.10			9.90			4615.24
146.14			11.08			5478.60
160.13			10.74			5317.52
202.25			10.37			5154.00
132.16			9.43			4467.43
244.28			14.03			7270.79
160.17			9.73			4612.73
254.32			11.89			6132.51
158.20			9.14			4319.78
256.30			11.62			5907.84
149.12			9.80			4599.64
146.14			11.08			5478.60
246.26			15.01			7835.92
211.13			13.77			6913.26
224.34			9.61			4764.07
270.32			15.23			7950.36
285.31			11.68			5932.05
186.21			9.21			4392.21
188.18			9.61			4657.32
259.28			14.36			7452.31
116.07			9.03			4221.84
259.28			12.48			6322.28
166.13			14.14			7238.22
186.25			9.37			4522.05
202.20			11.29			5699.48
216.13			9.25			4509.05
233.18			10.39			5095.18
160.13			9.96			4950.59
118.13			9.02			4197.22
239.33			9.09			4433.72
270.15			12.44			6356.85
199.22			8.08			3819.61
288.34			17.96			9469.37
118.09			9.10			4181.59
285.31			9.70			4764.11
272.29			14.54			7559.21
179.13			11.33			5500.06
176.17			12.72			6466.06
118.13			9.31			4387.79
275.26			9.79			4745.06
158.15			10.24			5011.76
197.14			14.55			7450.65
199.22			8.08			3819.61
165.04			10.87			5294.99
150.13			12.78			6407.87
225.30			8.05			3870.30
177.11			10.24			4976.15
90.08			8.91			4212.01
188.18			9.64			4705.67
202.20			11.29			5699.48
224.30			9.18			4539.69
203.21			11.29			5675.55
197.14			14.15			7193.30
118.13			9.02			4197.22
213.19			9.16			4479.89
331.36			9.01			4318.47
305.28			11.40			5609.87
220.22			15.95			8343.68
163.11			10.05			4772.91
144.17			10.33			4978.80
273.28			9.53			4567.40
207.14			9.29			4421.60
212.29			10.32			5144.12
305.28			12.96			6580.28
176.10			8.22			3866.53
231.25			10.93			5467.04
226.10			9.70			4640.65
222.11			10.45			5115.25
202.20			11.56			5841.65
170.21			9.74			4709.63
181.14			12.84			6387.87
170.21			8.89			4294.35
243.28			12.94			6615.11
242.31			13.24			6792.10
226.31			11.61			5831.07
181.14			12.84			6387.87
241.30			8.99			4296.09
144.17			8.40			3916.45
254.11			12.68			6407.12
196.14			9.76			4505.59
257.30			10.32			5105.02
164.16			13.50			6879.44
162.14			10.42			5080.92
196.14			9.93			4616.30
172.22			9.90			4788.38
215.25			9.75			4731.53
285.34			8.41			3949.70
191.10			8.60			4036.54
164.11			11.04			5434.81
215.25			9.98			4892.55
148.11			9.89			4652.69
216.19			10.65			5353.57
269.31			9.07			4448.01
254.32			11.91			6088.46
174.15			9.54			4587.28
251.34			8.62			4194.89
215.25			10.11			4966.02
229.23			9.52			4654.23
159.16			8.47			3920.58
190.19			14.62			7515.69
254.32			9.02			4398.16
132.12			9.59			4578.99
254.32			10.71			5374.69
188.22			9.80			4858.76
303.31			12.14			6102.23
190.19			12.27			6256.50
203.21			11.29			5675.55
287.31			9.53			4613.23
211.28			8.88			4238.28
204.22			12.33			6303.32
213.23			8.70			4189.36
187.21			9.10			4351.29
162.10			11.17			5565.50
203.15			9.81			4811.45
186.25			10.49			5157.13
158.20			8.32			3895.62
158.20			8.70			4068.04
211.13			14.14			7154.62
165.12			9.49			4392.21
205.17			12.08			6044.23
252.31			10.95			5579.36
203.21			9.74			4677.36
272.34			14.73			7701.05
158.20			10.77			5262.55
170.21			8.10			3821.41
195.13			14.98			7652.47
196.24			8.87			4302.03
144.17			8.74			4115.34
160.17			10.96			5402.04
165.10			11.48			5579.02
132.12			9.80			4668.16
132.12			9.07			4302.14
203.19			10.60			5195.32
211.13			13.89			7002.98
270.32			8.75			4214.24
158.20			8.58			4064.36
184.23			9.10			4352.93
255.33			8.83			4255.64
165.12			10.75			5088.92
177.11			9.98			4788.57
242.31			14.88			7681.72
90.08			8.92			4040.47
226.31			12.42			6308.16
241.30			9.34			4492.25
195.13			12.73			6381.72
186.21			10.67			5330.02
211.13			16.46			8529.69
200.23			8.90			4259.61
224.08			9.02			4262.78
254.32			9.30			4598.81
118.09			8.95			4153.85
211.13			16.19			8392.04
331.36			12.90			6560.36
158.15			10.10			4924.50
186.21			8.92			4251.19
118.09			10.08			4842.21
159.16			8.84			4145.44
146.14			10.28			4971.21
242.27			11.16			5627.51
240.13			14.70			7494.80
228.24			12.11			6220.39
245.23			10.75			5350.75
184.23			9.71			4747.62
254.32			9.30			4598.81
254.32			9.30			4598.81
211.13			14.14			7154.62
162.18			12.43			6225.96
224.13			11.75			5878.18
134.09			11.69			5780.46
186.25			11.00			5496.59
257.30			11.32			5778.37
219.15			8.78			4191.31
230.26			13.50			6959.96
233.18			9.16			4437.56
165.10			11.48			5579.02
170.21			8.99			4355.04
173.19			10.38			4995.31
272.12			13.86			7081.70
238.32			11.30			5713.96
147.11			10.48			5078.22
239.33			9.37			4598.49
177.18			9.46			4425.38
150.13			12.52			6250.45
132.12			10.59			5176.24
104.11			9.39			4505.37
219.15			11.89			6039.12
149.10			9.03			4253.64
172.22			8.85			4281.64
186.21			10.00			4938.87
160.17			9.27			4509.35
177.13			9.95			4806.70
240.30			12.27			6278.35
195.13			14.98			7652.47
120.06			9.43			4318.90
204.18			12.57			6392.67
179.13			11.41			5580.07
226.27			11.78			5988.36
303.31			10.59			5225.26
252.35			8.59			4168.41
257.30			13.42			6909.01
200.19			11.01			5555.04
186.21			10.17			5011.53
253.36			8.24			3868.50
231.20			8.66			4122.24
260.28			15.59			8164.26
287.29			12.00			6161.21
160.13			9.37			4472.59
256.12			13.96			7064.46
255.12			9.24			4146.58
172.18			10.56			5215.72
317.29			8.88			4089.00
186.21			10.26			5042.84
285.36			9.70			4800.40
218.25			13.45			6924.25
263.25			9.53			4553.72
104.06			10.22			4948.43
268.35			12.07			6197.59
240.30			11.75			6019.32
256.12			12.50			6280.91
182.17			8.73			4256.57
267.34			8.59			4156.85
120.10			10.19			4990.94
114.10			8.58			3956.24
190.19			14.28			7330.75
255.33			10.54			5321.31
170.21			9.59			4624.74
177.11			10.52			5083.55
181.04			10.42			4983.82
242.31			11.45			5850.48
252.35			11.32			5761.02
252.35			9.22			4536.36
186.25			10.39			5092.07
252.35			8.59			4168.41
252.35			8.59			4168.41
200.23			10.21			5055.83
146.14			8.99			4253.26
205.19			10.94			5365.68
179.11			9.34			4230.42
174.19			11.04			5507.64
173.17			9.04			4215.48
172.18			10.08			4961.30
146.14			9.31			4433.43
181.10			11.39			5557.84
148.11			9.89			4712.87
241.30			10.14			5065.51
268.35			12.07			6197.59
226.10			10.14			4934.08
200.19			9.86			4878.15
158.20			8.76			4206.31
199.00			8.43			3905.71
215.00			7.43			3885.28
231.00			8.42			4628.92
247.00			7.42			4608.48
263.00			8.45			4967.31
279.00			7.45			4946.88
295.00			8.45			5690.51
311.00			7.44			5670.08
327.00			8.44			6413.72
343.00			7.43			6393.28
359.00			9.98			7317.86
182.00			8.94			4451.03
198.00			6.42			3864.85
214.00			7.42			4608.48
230.00			6.41			4588.05
246.00			7.45			4946.88
262.00			6.44			4926.45
278.00			7.44			5670.08
294.00			6.44			5649.65
310.00			7.43			6393.28
326.00			6.43			6372.85
342.00			8.97			7297.42
184.00			9.14			4766.53
200.00			9.00			5375.56
216.00			8.28			5237.95
232.00			7.28			5217.52
248.00			9.16			5828.13
264.00			8.15			5807.69
280.00			9.15			6551.33
296.00			8.15			6530.90
312.00			9.15			7274.53
328.00			8.14			7254.10
344.00			10.69			8178.67
360.00			9.97			8041.06
229.00			8.89			4692.68
245.00			7.88			4672.25
261.00			9.42			5576.39
277.00			7.87			5395.45
293.00			8.91			5754.28
309.00			7.90			5733.85
325.00			8.90			6477.48
341.00			7.90			6457.05
357.00			8.89			7200.69
373.00			7.89			7180.25
389.00			10.43			8104.82
350.00			11.53			6866.83
366.00			10.33			6530.89
382.00			9.52			6825.96
398.00			8.81			6688.35
414.00			11.06			7730.10
430.00			10.35			7592.49
446.00			11.05			8453.31
462.00			10.34			8315.69
478.00			11.05			9176.51
494.00			10.33			9038.90
510.00			11.58			10060.21
526.00			11.87			9943.04
542.00			12.58			10803.85
397.00			11.28			6792.98
413.00			10.27			6772.55
429.00			11.27			7516.19
445.00			11.98			8377.00
461.00			11.30			7854.58
477.00			12.00			8715.39
493.00			11.29			8577.78
509.00			12.00			9438.60
525.00			11.28			9300.99
541.00			11.83			9461.49
557.00			12.82			10205.12
573.00			11.82			10184.69
336.00			11.11			6615.14
352.00			9.91			6279.20
368.00			9.10			6574.27
384.00			8.39			6436.66
400.00			10.64			7478.41
416.00			9.93			7340.80
432.00			10.64			8201.62
448.00			9.92			8064.00
464.00			10.63			8924.82
480.00			9.91			8787.21
496.00			11.16			9808.52
512.00			11.46			9691.35
528.00			12.16			10552.16
544.00			11.48			10029.74
399.00			9.85			6520.86
415.00			10.85			7264.50
431.00			11.56			8125.31
447.00			10.88			7602.89
463.00			11.59			8463.70
479.00			10.87			8326.09
495.00			11.58			9186.91
511.00			10.87			9049.30
527.00			11.41			9209.80
543.00			12.41			9953.43
559.00			11.40			9933.00
306.00			9.99			5502.64
322.00			10.69			6363.45
338.00			9.49			6027.51
354.00			8.68			6322.58
370.00			7.97			6184.97
386.00			10.22			7226.72
402.00			9.51			7089.11
418.00			10.22			7949.93
434.00			9.50			7812.31
450.00			10.21			8673.13
466.00			9.50			8535.52
482.00			10.75			9556.83
498.00			11.04			9439.66
514.00			11.74			10300.47
530.00			11.06			9778.05
401.00			10.43			7012.81
417.00			11.14			7873.62
433.00			10.46			7351.20
449.00			11.17			8212.01
465.00			10.45			8074.40
481.00			11.16			8935.22
497.00			10.45			8797.61
513.00			10.99			8958.11
529.00			11.99			9701.75
545.00			10.98			9681.31
561.00			11.98			10424.95
217.00			8.68			4722.48
233.00			9.68			5637.30
249.00			7.18			4359.88
265.00			7.89			5220.70
281.00			7.17			5083.09
297.00			7.88			5943.90
200.00			7.68			4702.05
216.00			8.67			5616.86
232.00			6.17			4339.45
248.00			6.88			5200.27
264.00			6.17			5062.65
280.00			6.87			5923.47
202.00			9.39			5583.30
218.00			10.39			6498.11
234.00			7.89			5220.70
250.00			8.59			6081.51
266.00			7.88			5943.90
282.00			6.87			5752.29
298.00			7.58			6613.11
247.00			9.43			5563.45
263.00			10.13			6424.26
279.00			7.63			5146.85
295.00			8.34			6007.67
311.00			7.63			5870.06
327.00			8.33			6730.87
370.00			10.07			6802.35
386.00			9.35			6835.92
402.00			8.56			6439.75
418.00			9.27			7300.57
434.00			8.56			7162.95
450.00			9.26			8023.77
466.00			9.97			8884.58
482.00			9.26			8746.97
417.00			10.11			6782.50
433.00			10.81			7643.32
449.00			9.02			7226.72
465.00			9.02			7226.72
481.00			9.73			8087.53
497.00			9.01			7949.92
513.00			9.72			8810.74
356.00			9.65			6550.66
372.00			8.93			6584.23
388.00			8.15			6188.06
404.00			8.85			7048.88
420.00			8.14			6911.26
436.00			8.85			7772.08
452.00			9.55			8632.89
468.00			8.84			8495.28
484.00			9.55			9356.10
419.00			10.39			7391.63
435.00			9.39			7371.19
451.00			8.60			6975.03
467.00			9.31			7835.84
483.00			8.59			7698.23
499.00			9.30			8559.05
326.00			10.24			6319.40
342.00			9.23			6298.97
358.00			8.52			6332.54
374.00			7.73			5936.37
390.00			8.43			6797.19
406.00			7.72			6659.57
422.00			8.43			7520.39
438.00			9.13			8381.20
454.00			8.42			8243.59
470.00			9.13			9104.41
421.00			8.97			7119.50
437.00			8.18			6723.34
453.00			8.89			7584.15
469.00			8.18			7446.54
485.00			8.88			8307.36
501.00			8.17			8169.75
398.00			10.00			10000.00
437.00			10.00			10000.00
